2017-11-08 17:04:51,168 [main.py:16] [INFO] [test_instances/30x90.txt] Start processing file...
2017-11-08 17:04:51,168 [main.py:16] [INFO] [test_instances/20x20.txt] Start processing file...
2017-11-08 17:04:51,168 [main.py:16] [INFO] [test_instances/30x50.txt] Start processing file...
2017-11-08 17:04:51,168 [main.py:16] [INFO] [test_instances/24x40.txt] Start processing file...
2017-11-08 17:04:51,168 [main.py:16] [INFO] [test_instances/37x53.txt] Start processing file...
2017-11-08 17:04:51,171 [main.py:34] [DEBUG] [test_instances/30x90.txt] Build random solution:
<Solution>
Matrix:
[[ 0.  0.  0. ...,  0.  0.  0.]
 [ 0.  0.  0. ...,  0.  0.  1.]
 [ 0.  0.  0. ...,  0.  1.  0.]
 ..., 
 [ 1.  0.  0. ...,  0.  0.  0.]
 [ 0.  0.  0. ...,  0.  0.  0.]
 [ 0.  0.  0. ...,  0.  0.  0.]],
clusters by rows: [1 1 1 1 1 1 1 1 1 1 1 1 1 1 1 1 2 2 2 2 2 2 2 2 2 2 2 2 2 2], by columns: [1 1 1 1 1 1 1 1 1 1 1 1 1 1 1 1 1 1 1 1 1 1 1 1 1 1 1 1 1 1 1 1 1 1 1 1 1
 1 1 1 1 2 2 2 2 2 2 2 2 2 2 2 2 2 2 2 2 2 2 2 2 2 2 2 2 2 2 2 2 2 2 2 2 2
 2 2 2 2 2 2 2 2 2 2 2 2 2 2 2 2],
permutations by rows: [ 0  1  2  3  4  5  6  7  8  9 10 11 12 13 14 15 16 17 18 19 20 21 22 23 24
 25 26 27 28 29], by columns: [ 0  1  2  3  4  5  6  7  8  9 10 11 12 13 14 15 16 17 18 19 20 21 22 23 24
 25 26 27 28 29 30 31 32 33 34 35 36 37 38 39 40 41 42 43 44 45 46 47 48 49
 50 51 52 53 54 55 56 57 58 59 60 61 62 63 64 65 66 67 68 69 70 71 72 73 74
 75 76 77 78 79 80 81 82 83 84 85 86 87 88 89],
obj_val=0.09819639278557114
2017-11-08 17:04:51,171 [main.py:34] [DEBUG] [test_instances/30x50.txt] Build random solution:
<Solution>
Matrix:
[[ 0.  0.  0. ...,  0.  0.  0.]
 [ 0.  0.  0. ...,  0.  0.  0.]
 [ 1.  0.  0. ...,  0.  1.  0.]
 ..., 
 [ 0.  0.  0. ...,  0.  0.  0.]
 [ 0.  0.  0. ...,  0.  0.  0.]
 [ 0.  0.  0. ...,  0.  0.  0.]],
clusters by rows: [1 1 1 1 1 1 1 1 1 1 1 1 1 1 1 1 2 2 2 2 2 2 2 2 2 2 2 2 2 2], by columns: [1 1 1 1 1 1 1 1 1 1 1 1 1 1 1 1 1 1 1 1 2 2 2 2 2 2 2 2 2 2 2 2 2 2 2 2 2
 2 2 2 2 2 2 2 2 2 2 2 2 2],
permutations by rows: [ 0  1  2  3  4  5  6  7  8  9 10 11 12 13 14 15 16 17 18 19 20 21 22 23 24
 25 26 27 28 29], by columns: [ 0  1  2  3  4  5  6  7  8  9 10 11 12 13 14 15 16 17 18 19 20 21 22 23 24
 25 26 27 28 29 30 31 32 33 34 35 36 37 38 39 40 41 42 43 44 45 46 47 48 49],
obj_val=0.09408926417370325
2017-11-08 17:04:51,172 [main.py:34] [DEBUG] [test_instances/37x53.txt] Build random solution:
<Solution>
Matrix:
[[ 0.  0.  0. ...,  0.  0.  0.]
 [ 0.  0.  0. ...,  0.  0.  0.]
 [ 0.  1.  0. ...,  0.  0.  1.]
 ..., 
 [ 0.  1.  1. ...,  0.  0.  0.]
 [ 1.  1.  0. ...,  0.  0.  0.]
 [ 0.  0.  0. ...,  0.  0.  0.]],
clusters by rows: [1 1 1 1 1 1 1 1 1 1 1 1 1 1 1 1 1 2 2 2 2 2 2 2 2 2 2 2 2 2 2 2 2 2 2 2 2], by columns: [1 1 1 1 1 1 1 1 1 1 1 1 1 1 1 1 1 1 1 1 1 1 2 2 2 2 2 2 2 2 2 2 2 2 2 2 2
 2 2 2 2 2 2 2 2 2 2 2 2 2 2 2 2],
permutations by rows: [ 0  1  2  3  4  5  6  7  8  9 10 11 12 13 14 15 16 17 18 19 20 21 22 23 24
 25 26 27 28 29 30 31 32 33 34 35 36], by columns: [ 0  1  2  3  4  5  6  7  8  9 10 11 12 13 14 15 16 17 18 19 20 21 22 23 24
 25 26 27 28 29 30 31 32 33 34 35 36 37 38 39 40 41 42 43 44 45 46 47 48 49
 50 51 52],
obj_val=0.3299595141700405
2017-11-08 17:04:51,178 [main.py:34] [DEBUG] [test_instances/20x20.txt] Build random solution:
<Solution>
Matrix:
[[ 1.  0.  0.  0.  0.  1.  0.  0.  1.  0.  1.  0.  1.  0.  0.  1.  0.  0.
   0.  0.]
 [ 0.  1.  1.  0.  1.  0.  1.  1.  0.  1.  0.  0.  1.  0.  1.  0.  1.  0.
   0.  1.]
 [ 0.  0.  1.  1.  0.  0.  0.  1.  0.  0.  1.  0.  1.  1.  0.  1.  0.  1.
   0.  0.]
 [ 0.  0.  0.  0.  0.  1.  0.  0.  1.  1.  0.  0.  0.  0.  0.  0.  0.  0.
   0.  0.]
 [ 0.  0.  1.  0.  0.  0.  0.  0.  0.  0.  0.  0.  1.  0.  1.  0.  0.  0.
   0.  0.]
 [ 0.  0.  0.  0.  0.  1.  1.  0.  0.  0.  0.  0.  0.  1.  0.  0.  0.  0.
   0.  0.]
 [ 1.  0.  0.  0.  0.  1.  1.  0.  1.  0.  0.  0.  0.  1.  0.  1.  0.  1.
   1.  1.]
 [ 0.  0.  0.  1.  0.  1.  0.  0.  1.  1.  0.  0.  0.  1.  1.  0.  0.  1.
   0.  1.]
 [ 0.  0.  0.  0.  0.  1.  0.  0.  1.  0.  0.  0.  0.  1.  0.  1.  0.  0.
   1.  0.]
 [ 0.  0.  0.  0.  0.  0.  0.  0.  0.  1.  1.  0.  1.  0.  1.  0.  0.  0.
   1.  0.]
 [ 0.  0.  0.  1.  1.  0.  0.  0.  0.  0.  0.  0.  1.  1.  1.  0.  0.  1.
   1.  0.]
 [ 0.  0.  0.  1.  0.  0.  0.  0.  0.  0.  1.  1.  0.  1.  0.  0.  1.  1.
   0.  0.]
 [ 0.  1.  0.  0.  0.  0.  0.  0.  0.  1.  1.  0.  1.  0.  0.  1.  1.  1.
   0.  0.]
 [ 0.  0.  0.  0.  0.  0.  0.  0.  0.  0.  0.  0.  1.  1.  0.  0.  1.  1.
   1.  0.]
 [ 0.  0.  1.  0.  1.  0.  0.  1.  1.  0.  0.  0.  0.  0.  0.  1.  0.  0.
   0.  0.]
 [ 0.  0.  0.  0.  1.  0.  0.  0.  0.  0.  1.  0.  0.  1.  0.  1.  0.  0.
   0.  0.]
 [ 0.  0.  0.  1.  1.  0.  1.  0.  0.  0.  0.  0.  0.  1.  1.  1.  0.  0.
   0.  0.]
 [ 1.  0.  0.  0.  0.  0.  1.  1.  0.  0.  0.  0.  0.  0.  0.  1.  0.  0.
   0.  0.]
 [ 0.  0.  0.  0.  0.  0.  0.  0.  0.  1.  0.  0.  0.  1.  0.  0.  0.  0.
   0.  0.]
 [ 1.  0.  1.  1.  0.  0.  0.  1.  0.  0.  0.  0.  0.  0.  0.  0.  0.  0.
   1.  0.]],
clusters by rows: [1 1 1 1 1 1 1 1 1 1 1 2 2 2 2 2 2 2 2 2], by columns: [1 1 1 1 1 1 1 1 2 2 2 2 2 2 2 2 2 2 2 2],
permutations by rows: [ 0  1  2  3  4  5  6  7  8  9 10 11 12 13 14 15 16 17 18 19], by columns: [ 0  1  2  3  4  5  6  7  8  9 10 11 12 13 14 15 16 17 18 19],
obj_val=0.19455252918287938
2017-11-08 17:04:51,188 [main.py:34] [DEBUG] [test_instances/24x40.txt] Build random solution:
<Solution>
Matrix:
[[ 0.  0.  0.  0.  0.  0.  0.  0.  1.  0.  0.  0.  0.  0.  0.  0.  1.  0.
   1.  0.  0.  0.  0.  0.  0.  0.  0.  0.  0.  0.  1.  0.  1.  0.  0.  0.
   0.  0.  0.  0.]
 [ 0.  0.  0.  0.  0.  0.  0.  0.  0.  0.  0.  0.  1.  1.  0.  0.  0.  0.
   0.  0.  0.  1.  0.  0.  0.  0.  0.  0.  0.  0.  0.  0.  1.  0.  0.  0.
   0.  0.  0.  1.]
 [ 0.  0.  0.  0.  0.  0.  0.  0.  0.  0.  0.  1.  0.  0.  1.  0.  0.  0.
   0.  0.  0.  0.  1.  1.  0.  0.  0.  0.  0.  0.  0.  0.  0.  1.  0.  0.
   0.  0.  0.  0.]
 [ 0.  0.  0.  0.  0.  0.  0.  1.  0.  0.  1.  0.  0.  0.  0.  0.  0.  0.
   0.  0.  1.  0.  0.  0.  0.  0.  0.  1.  0.  0.  0.  0.  0.  0.  0.  0.
   0.  1.  0.  0.]
 [ 0.  0.  0.  0.  1.  1.  0.  0.  0.  1.  0.  1.  0.  0.  0.  0.  0.  0.
   0.  0.  0.  1.  0.  0.  0.  0.  0.  0.  0.  0.  0.  0.  0.  0.  1.  0.
   0.  0.  0.  0.]
 [ 0.  0.  0.  0.  0.  0.  0.  0.  0.  1.  0.  0.  0.  0.  0.  0.  0.  1.
   0.  0.  0.  0.  0.  0.  0.  1.  0.  0.  0.  1.  0.  0.  0.  0.  0.  0.
   0.  1.  0.  0.]
 [ 0.  1.  0.  0.  0.  0.  0.  0.  0.  0.  0.  0.  1.  0.  0.  0.  0.  0.
   0.  0.  0.  0.  0.  0.  1.  0.  0.  1.  0.  0.  0.  1.  0.  0.  0.  0.
   0.  0.  0.  0.]
 [ 0.  0.  0.  1.  1.  0.  0.  0.  0.  0.  0.  0.  0.  0.  0.  1.  0.  0.
   0.  0.  0.  0.  0.  0.  0.  1.  0.  0.  0.  1.  0.  0.  0.  1.  0.  0.
   0.  1.  1.  0.]
 [ 0.  0.  0.  0.  0.  1.  0.  0.  0.  0.  0.  1.  0.  0.  0.  0.  0.  0.
   0.  0.  0.  0.  0.  0.  0.  0.  0.  0.  0.  0.  0.  0.  1.  0.  0.  0.
   0.  0.  1.  1.]
 [ 0.  0.  0.  0.  0.  1.  0.  0.  1.  0.  0.  0.  0.  0.  0.  0.  0.  0.
   0.  1.  0.  0.  0.  1.  0.  1.  0.  0.  0.  0.  0.  0.  0.  0.  0.  0.
   0.  0.  0.  0.]
 [ 0.  0.  1.  0.  0.  0.  0.  0.  0.  1.  0.  0.  0.  0.  1.  0.  0.  0.
   0.  0.  0.  1.  1.  0.  0.  0.  0.  0.  0.  0.  0.  0.  0.  0.  0.  0.
   0.  0.  0.  0.]
 [ 0.  0.  0.  1.  0.  0.  0.  0.  0.  0.  0.  0.  0.  0.  0.  0.  0.  1.
   0.  1.  0.  1.  0.  1.  0.  0.  1.  0.  0.  0.  0.  0.  0.  0.  0.  0.
   0.  0.  0.  0.]
 [ 0.  0.  1.  0.  0.  0.  0.  0.  0.  0.  0.  1.  0.  0.  0.  1.  1.  0.
   0.  0.  0.  0.  0.  0.  0.  0.  0.  0.  0.  0.  0.  0.  0.  0.  1.  0.
   0.  0.  0.  0.]
 [ 0.  0.  0.  0.  0.  0.  0.  1.  0.  0.  1.  0.  0.  1.  0.  1.  0.  0.
   0.  0.  0.  0.  0.  0.  1.  0.  0.  0.  0.  0.  0.  0.  0.  0.  0.  0.
   0.  0.  0.  0.]
 [ 1.  0.  0.  0.  1.  0.  0.  0.  0.  0.  0.  0.  0.  1.  0.  0.  0.  0.
   0.  0.  0.  0.  0.  0.  0.  1.  1.  0.  0.  0.  0.  0.  0.  0.  0.  0.
   1.  0.  0.  0.]
 [ 0.  0.  0.  0.  0.  0.  0.  0.  0.  0.  0.  0.  0.  0.  0.  0.  0.  0.
   1.  0.  0.  0.  0.  0.  0.  1.  0.  0.  0.  0.  0.  1.  0.  0.  0.  1.
   1.  0.  1.  0.]
 [ 0.  0.  0.  0.  0.  0.  1.  0.  0.  0.  0.  0.  0.  0.  0.  0.  1.  0.
   0.  1.  0.  0.  0.  0.  0.  0.  0.  0.  1.  0.  1.  0.  0.  0.  0.  0.
   0.  0.  0.  0.]
 [ 0.  0.  0.  1.  1.  0.  0.  0.  0.  0.  1.  0.  0.  0.  0.  0.  0.  1.
   0.  0.  0.  0.  0.  0.  0.  0.  1.  0.  0.  1.  0.  0.  0.  0.  0.  0.
   0.  0.  0.  0.]
 [ 0.  0.  0.  0.  0.  0.  0.  0.  1.  0.  0.  0.  1.  1.  0.  0.  0.  0.
   0.  0.  0.  0.  0.  0.  0.  0.  1.  0.  0.  0.  0.  0.  0.  0.  0.  1.
   0.  0.  0.  1.]
 [ 0.  1.  0.  0.  0.  0.  0.  0.  0.  0.  1.  1.  0.  0.  1.  0.  0.  0.
   1.  0.  0.  0.  0.  0.  1.  0.  0.  0.  0.  0.  1.  0.  0.  0.  0.  0.
   0.  0.  0.  0.]
 [ 1.  0.  1.  0.  0.  0.  0.  0.  1.  1.  0.  0.  0.  0.  0.  0.  0.  0.
   0.  0.  0.  0.  0.  0.  0.  0.  0.  0.  0.  0.  0.  0.  1.  0.  0.  0.
   0.  0.  0.  0.]
 [ 1.  0.  0.  0.  0.  0.  1.  0.  0.  0.  0.  0.  0.  0.  0.  1.  0.  0.
   0.  0.  0.  0.  0.  0.  0.  0.  0.  0.  0.  1.  0.  0.  0.  0.  0.  0.
   0.  0.  0.  0.]
 [ 0.  0.  1.  0.  0.  0.  0.  0.  0.  0.  0.  1.  1.  0.  0.  0.  0.  0.
   0.  0.  1.  0.  0.  0.  0.  0.  0.  0.  0.  0.  0.  1.  0.  0.  0.  1.
   0.  0.  0.  0.]
 [ 0.  1.  0.  0.  0.  0.  0.  1.  0.  0.  0.  0.  0.  0.  0.  0.  0.  0.
   0.  0.  0.  0.  0.  0.  0.  0.  0.  0.  0.  0.  0.  1.  0.  1.  0.  0.
   0.  0.  0.  0.]],
clusters by rows: [1 1 1 1 1 1 1 1 1 1 1 1 1 1 2 2 2 2 2 2 2 2 2 2], by columns: [1 1 1 1 1 1 1 1 1 1 1 1 1 2 2 2 2 2 2 2 2 2 2 2 2 2 2 2 2 2 2 2 2 2 2 2 2
 2 2 2],
permutations by rows: [ 0  1  2  3  4  5  6  7  8  9 10 11 12 13 14 15 16 17 18 19 20 21 22 23], by columns: [ 0  1  2  3  4  5  6  7  8  9 10 11 12 13 14 15 16 17 18 19 20 21 22 23 24
 25 26 27 28 29 30 31 32 33 34 35 36 37 38 39],
obj_val=0.11068702290076336
2017-11-08 17:04:51,279 [main.py:37] [DEBUG] [test_instances/20x20.txt] Improved solution by RVNS:
<Solution>
Matrix:
[[ 1.  0.  0.  0.  0.  0.  0.  0.  1.  1.  1.  0.  1.  0.  0.  1.  0.  0.
   0.  0.]
 [ 0.  1.  1.  0.  1.  1.  1.  1.  0.  0.  0.  0.  1.  0.  1.  0.  1.  0.
   0.  1.]
 [ 0.  0.  1.  1.  0.  0.  0.  1.  0.  0.  1.  0.  1.  1.  0.  1.  0.  1.
   0.  0.]
 [ 0.  0.  0.  0.  0.  1.  0.  0.  1.  1.  0.  0.  0.  0.  0.  0.  0.  0.
   0.  0.]
 [ 1.  0.  1.  1.  0.  0.  0.  1.  0.  0.  0.  0.  0.  0.  0.  0.  0.  0.
   1.  0.]
 [ 0.  0.  0.  1.  1.  0.  0.  0.  0.  0.  0.  0.  0.  1.  1.  1.  0.  0.
   0.  1.]
 [ 1.  0.  0.  0.  0.  0.  1.  0.  1.  1.  0.  0.  0.  1.  0.  1.  0.  1.
   1.  1.]
 [ 0.  0.  0.  1.  0.  1.  1.  0.  1.  1.  0.  0.  0.  1.  1.  0.  0.  1.
   0.  0.]
 [ 0.  0.  0.  0.  0.  0.  0.  0.  1.  1.  0.  0.  0.  1.  0.  1.  0.  0.
   1.  0.]
 [ 0.  0.  0.  0.  0.  1.  0.  0.  0.  0.  1.  0.  1.  0.  1.  0.  0.  0.
   1.  0.]
 [ 0.  0.  0.  1.  1.  0.  0.  0.  0.  0.  0.  0.  1.  1.  1.  0.  0.  1.
   1.  0.]
 [ 0.  0.  0.  1.  0.  0.  0.  0.  0.  0.  1.  1.  0.  1.  0.  0.  1.  1.
   0.  0.]
 [ 0.  1.  0.  0.  0.  1.  0.  0.  0.  0.  1.  0.  1.  0.  0.  1.  1.  1.
   0.  0.]
 [ 0.  0.  0.  0.  0.  0.  0.  0.  0.  0.  0.  0.  1.  1.  0.  0.  1.  1.
   1.  0.]
 [ 0.  0.  1.  0.  1.  0.  0.  1.  1.  0.  0.  0.  0.  0.  0.  1.  0.  0.
   0.  0.]
 [ 0.  0.  0.  0.  1.  0.  0.  0.  0.  0.  1.  0.  0.  1.  0.  1.  0.  0.
   0.  0.]
 [ 0.  0.  0.  0.  0.  0.  0.  0.  0.  1.  0.  0.  0.  1.  0.  0.  0.  0.
   0.  1.]
 [ 1.  0.  0.  0.  0.  0.  0.  1.  0.  0.  0.  0.  0.  0.  0.  1.  0.  0.
   0.  1.]
 [ 0.  0.  0.  0.  0.  1.  0.  0.  0.  0.  0.  0.  0.  1.  0.  0.  0.  0.
   0.  0.]
 [ 0.  0.  1.  0.  0.  0.  0.  0.  0.  0.  0.  0.  1.  0.  1.  0.  0.  0.
   0.  0.]],
clusters by rows: [1 2 2 2 2 2 3 3 3 3 3 3 3 3 3 3 4 4 4 4], by columns: [1 2 2 2 2 2 2 2 3 3 3 3 3 3 3 3 3 3 3 4],
permutations by rows: [ 0  1  2  3 19 16  6  7  8  9 10 11 12 13 14 15  5 17 18  4], by columns: [ 0  1  2  3  4  9 19  7  8  5 10 11 12 13 14 15 16 17 18  6],
obj_val=0.3181818181818182
2017-11-08 17:04:51,372 [main.py:37] [DEBUG] [test_instances/24x40.txt] Improved solution by RVNS:
<Solution>
Matrix:
[[ 0.  0.  0.  0.  0.  0.  0.  0.  1.  0.  0.  0.  0.  0.  0.  0.  1.  0.
   1.  0.  1.  0.  0.  0.  0.  0.  0.  0.  0.  0.  1.  0.  0.  0.  0.  0.
   0.  0.  0.  0.]
 [ 0.  0.  0.  0.  0.  0.  0.  0.  0.  0.  0.  0.  1.  1.  0.  0.  0.  0.
   0.  0.  1.  1.  0.  0.  0.  0.  0.  1.  0.  0.  0.  0.  0.  0.  0.  0.
   0.  0.  0.  0.]
 [ 0.  0.  0.  0.  0.  0.  0.  0.  0.  0.  0.  1.  0.  0.  1.  0.  0.  0.
   0.  0.  0.  0.  1.  1.  0.  0.  0.  0.  0.  0.  0.  0.  0.  1.  0.  0.
   0.  0.  0.  0.]
 [ 0.  0.  0.  0.  0.  0.  1.  1.  0.  0.  1.  0.  0.  0.  0.  0.  0.  0.
   0.  0.  0.  0.  0.  0.  0.  0.  0.  0.  0.  0.  0.  0.  1.  0.  0.  0.
   0.  0.  0.  1.]
 [ 0.  0.  0.  0.  1.  1.  0.  0.  0.  1.  0.  1.  0.  0.  0.  0.  0.  0.
   0.  0.  0.  1.  0.  0.  0.  0.  0.  0.  0.  0.  0.  0.  0.  0.  1.  0.
   0.  0.  0.  0.]
 [ 0.  0.  0.  0.  0.  0.  1.  0.  0.  1.  0.  0.  0.  0.  0.  0.  0.  1.
   0.  1.  0.  0.  0.  0.  0.  1.  0.  0.  0.  0.  0.  0.  0.  0.  0.  0.
   0.  0.  0.  0.]
 [ 0.  1.  0.  0.  0.  0.  0.  0.  0.  0.  0.  0.  1.  0.  0.  0.  0.  0.
   0.  0.  0.  0.  0.  0.  1.  0.  0.  0.  0.  0.  0.  1.  0.  0.  0.  0.
   0.  0.  0.  1.]
 [ 0.  0.  0.  1.  1.  0.  1.  0.  0.  0.  0.  0.  0.  0.  0.  1.  0.  0.
   0.  1.  0.  0.  0.  0.  0.  1.  0.  0.  0.  0.  0.  0.  0.  1.  0.  0.
   0.  0.  1.  0.]
 [ 0.  0.  0.  0.  0.  1.  0.  0.  0.  0.  0.  1.  0.  0.  0.  0.  0.  0.
   0.  0.  1.  0.  0.  0.  0.  0.  0.  1.  0.  0.  0.  0.  0.  0.  0.  0.
   0.  0.  1.  0.]
 [ 0.  0.  0.  0.  0.  1.  0.  0.  1.  0.  0.  0.  0.  0.  0.  0.  0.  0.
   0.  0.  0.  0.  0.  1.  0.  1.  0.  0.  0.  1.  0.  0.  0.  0.  0.  0.
   0.  0.  0.  0.]
 [ 0.  0.  1.  0.  0.  0.  0.  0.  0.  1.  0.  0.  0.  0.  1.  0.  0.  0.
   0.  0.  0.  1.  1.  0.  0.  0.  0.  0.  0.  0.  0.  0.  0.  0.  0.  0.
   0.  0.  0.  0.]
 [ 0.  0.  0.  1.  0.  0.  0.  0.  0.  0.  0.  0.  0.  0.  0.  0.  0.  1.
   0.  0.  0.  1.  0.  1.  0.  0.  1.  0.  0.  1.  0.  0.  0.  0.  0.  0.
   0.  0.  0.  0.]
 [ 0.  0.  1.  0.  0.  0.  0.  0.  0.  0.  0.  1.  0.  0.  0.  1.  1.  0.
   0.  0.  0.  0.  0.  0.  0.  0.  0.  0.  0.  0.  0.  0.  0.  0.  1.  0.
   0.  0.  0.  0.]
 [ 0.  0.  0.  0.  0.  0.  0.  1.  0.  0.  1.  0.  0.  1.  0.  1.  0.  0.
   0.  0.  0.  0.  0.  0.  1.  0.  0.  0.  0.  0.  0.  0.  0.  0.  0.  0.
   0.  0.  0.  0.]
 [ 1.  0.  0.  0.  1.  0.  0.  0.  0.  0.  0.  0.  0.  1.  0.  0.  0.  0.
   0.  0.  0.  0.  0.  0.  0.  1.  1.  0.  0.  0.  0.  0.  0.  0.  0.  0.
   1.  0.  0.  0.]
 [ 0.  0.  0.  0.  0.  0.  0.  0.  0.  0.  0.  0.  0.  0.  0.  0.  0.  0.
   1.  0.  0.  0.  0.  0.  0.  1.  0.  0.  0.  0.  0.  1.  0.  0.  0.  1.
   1.  0.  1.  0.]
 [ 0.  0.  0.  0.  0.  0.  0.  0.  0.  0.  0.  0.  0.  0.  0.  0.  1.  0.
   0.  0.  0.  0.  0.  0.  0.  0.  0.  0.  1.  1.  1.  0.  0.  0.  0.  0.
   0.  1.  0.  0.]
 [ 0.  0.  0.  1.  1.  0.  0.  0.  0.  0.  1.  0.  0.  0.  0.  0.  0.  1.
   0.  1.  0.  0.  0.  0.  0.  0.  1.  0.  0.  0.  0.  0.  0.  0.  0.  0.
   0.  0.  0.  0.]
 [ 0.  0.  0.  0.  0.  0.  0.  0.  1.  0.  0.  0.  1.  1.  0.  0.  0.  0.
   0.  0.  0.  0.  0.  0.  0.  0.  1.  1.  0.  0.  0.  0.  0.  0.  0.  1.
   0.  0.  0.  0.]
 [ 0.  1.  0.  0.  0.  0.  0.  0.  0.  0.  1.  1.  0.  0.  1.  0.  0.  0.
   1.  0.  0.  0.  0.  0.  1.  0.  0.  0.  0.  0.  1.  0.  0.  0.  0.  0.
   0.  0.  0.  0.]
 [ 1.  0.  1.  0.  0.  0.  0.  0.  1.  1.  0.  0.  0.  0.  0.  0.  0.  0.
   0.  0.  1.  0.  0.  0.  0.  0.  0.  0.  0.  0.  0.  0.  0.  0.  0.  0.
   0.  0.  0.  0.]
 [ 1.  0.  0.  0.  0.  0.  0.  0.  0.  0.  0.  0.  0.  0.  0.  1.  0.  0.
   0.  1.  0.  0.  0.  0.  0.  0.  0.  0.  0.  0.  0.  0.  0.  0.  0.  0.
   0.  1.  0.  0.]
 [ 0.  0.  1.  0.  0.  0.  0.  0.  0.  0.  0.  1.  1.  0.  0.  0.  0.  0.
   0.  0.  0.  0.  0.  0.  0.  0.  0.  0.  0.  0.  0.  1.  1.  0.  0.  1.
   0.  0.  0.  0.]
 [ 0.  1.  0.  0.  0.  0.  0.  1.  0.  0.  0.  0.  0.  0.  0.  0.  0.  0.
   0.  0.  0.  0.  0.  0.  0.  0.  0.  0.  0.  0.  0.  1.  0.  1.  0.  0.
   0.  0.  0.  0.]],
clusters by rows: [1 1 1 1 1 1 1 1 1 1 1 1 1 1 1 1 1 1 1 1 1 1 1 2], by columns: [1 1 1 1 1 1 1 1 1 1 1 1 1 1 1 1 1 1 1 1 1 1 1 1 1 1 1 1 2 2 2 2 2 2 2 2 2
 2 2 2],
permutations by rows: [ 0  1  2  3  4  5  6  7  8  9 10 11 12 13 14 15 16 17 18 19 20 21 22 23], by columns: [ 0  1  2  3  4  5 37  7  8  9 10 11 12 13 14 15 16 17 18 29 32 21 22 23 24
 25 26 39 28 19 30 31 20 33 34 35 36  6 38 27],
obj_val=0.1457725947521866
2017-11-08 17:04:51,486 [main.py:37] [DEBUG] [test_instances/30x50.txt] Improved solution by RVNS:
<Solution>
Matrix:
[[ 0.  0.  0. ...,  0.  0.  0.]
 [ 0.  0.  0. ...,  0.  0.  0.]
 [ 1.  0.  0. ...,  0.  1.  0.]
 ..., 
 [ 0.  0.  0. ...,  0.  0.  0.]
 [ 0.  0.  0. ...,  0.  0.  0.]
 [ 0.  0.  0. ...,  0.  0.  0.]],
clusters by rows: [1 1 1 1 1 1 1 1 2 2 2 2 2 2 2 2 2 2 2 2 2 2 2 2 2 2 2 2 2 3], by columns: [1 1 1 1 2 2 2 2 2 2 2 2 2 2 2 2 2 2 2 2 2 2 2 2 2 2 2 2 2 2 2 2 2 2 2 2 2
 2 2 2 2 2 2 2 2 2 2 3 3 3],
permutations by rows: [ 0 21  2 17  4  5  6  7  8  9 10 11 12 13 14  3 16 15 18 19 20  1 22 23 24
 25 26 27 28 29], by columns: [ 0  1 28  3  4  5  6  7  8  9 10 11 12 13 14 15 16 17 18 19 20 21 22 23 24
 25 26 27  2 29 30 31 32 33 34 35 36 37 38 39 40 41 42 43 44 45 46 47 48 49],
obj_val=0.12755102040816327
2017-11-08 17:04:51,615 [main.py:37] [DEBUG] [test_instances/37x53.txt] Improved solution by RVNS:
<Solution>
Matrix:
[[ 0.  0.  0. ...,  0.  0.  0.]
 [ 0.  0.  0. ...,  0.  0.  0.]
 [ 0.  1.  0. ...,  0.  0.  0.]
 ..., 
 [ 0.  1.  1. ...,  0.  0.  0.]
 [ 1.  1.  0. ...,  0.  0.  0.]
 [ 0.  0.  0. ...,  0.  0.  0.]],
clusters by rows: [1 1 1 1 1 1 1 1 1 1 1 1 1 1 1 1 1 1 1 1 1 1 1 1 1 1 1 1 1 1 1 1 1 1 1 2 3], by columns: [1 1 1 1 1 1 1 1 1 1 1 1 1 1 1 1 1 1 1 1 1 1 1 1 1 1 1 1 1 1 1 1 1 1 1 1 1
 1 1 1 1 1 1 1 1 1 1 1 1 1 2 3 3],
permutations by rows: [ 0 36  2  3  4  5  6  7  8  9 10 11 12 13 14 15 16 17 18 19 20 21 22 23 24
 25 26 27 28 29 30 31 32 33 34 35  1], by columns: [ 0  1  2  3  4  5  6  7  8  9 10 11 12 13 14 15 16 17 18 19 20 21 22 23 24
 25 26 27 28 29 30 31 32 33 34 35 36 37 38 39 40 41 42 43 44 52 46 47 48 49
 50 51 45],
obj_val=0.5107913669064749
2017-11-08 17:04:51,632 [main.py:37] [DEBUG] [test_instances/30x90.txt] Improved solution by RVNS:
<Solution>
Matrix:
[[ 0.  0.  0. ...,  0.  0.  1.]
 [ 0.  0.  0. ...,  0.  0.  0.]
 [ 0.  0.  0. ...,  0.  0.  0.]
 ..., 
 [ 1.  0.  0. ...,  0.  0.  0.]
 [ 0.  0.  0. ...,  0.  0.  0.]
 [ 0.  0.  1. ...,  0.  0.  0.]],
clusters by rows: [ 1  2  3  3  3  3  3  4  5  6  7  8  8  9 10 10 10 10 10 10 10 10 10 10 10
 10 10 10 10 10], by columns: [ 1  1  1  2  2  3  3  3  4  4  4  4  4  4  4  4  5  6  6  6  6  6  6  6  7
  7  7  7  7  8  9  9  9  9  9  9  9  9  9  9 10 10 10 10 10 10 10 10 10 10
 10 10 10 10 10 10 10 10 10 10 10 10 10 10 10 10 10 10 10 10 10 10 10 10 10
 10 10 10 10 10 10 10 10 10 10 10 10 10 10 10],
permutations by rows: [ 1 17  8  7  4  5  6 28 21  9 22 11 12  2 24 15 16 18 13 19 20 10  0 23 14
 25 26 27  3 29], by columns: [ 0  1 84  3  4 38 35 45  8 31 65 11 12 13 63 15 16 17 18 19 72 49 22 23 24
 25 26 27 43 29 30  9 32 33 34 46 36 37  5 58 40 41 42 28 44  7  6 47 48 86
 50 51 52 53 54 55 56 57 39 59 60 61 62 14 64 10 66 67 68 69 70 71 20 73 74
 75 76 77 78 79 80 81 82 83  2 85 21 87 88 89],
obj_val=0.19195046439628483
2017-11-08 17:11:57,128 [main.py:40] [DEBUG] [test_instances/20x20.txt] Get final solution:
<Solution>
Matrix:
[[ 1.  0.  1.  0.  0.  1.  0.  0.  1.  0.  0.  0.  0.  0.  0.  0.  0.  0.
   0.  0.]
 [ 0.  1.  1.  1.  1.  1.  1.  1.  0.  1.  0.  0.  0.  0.  0.  0.  1.  0.
   0.  1.]
 [ 0.  0.  0.  1.  1.  1.  0.  0.  1.  0.  0.  0.  0.  1.  0.  0.  0.  0.
   1.  0.]
 [ 0.  0.  0.  1.  0.  0.  0.  1.  0.  1.  0.  0.  0.  0.  0.  0.  0.  0.
   0.  0.]
 [ 1.  0.  1.  0.  0.  0.  0.  1.  0.  0.  0.  0.  1.  0.  0.  0.  0.  0.
   1.  0.]
 [ 0.  0.  1.  0.  1.  0.  0.  1.  1.  0.  0.  0.  0.  0.  1.  0.  0.  0.
   0.  0.]
 [ 1.  0.  0.  0.  0.  0.  0.  0.  1.  1.  1.  0.  0.  0.  1.  1.  0.  0.
   0.  0.]
 [ 0.  0.  0.  0.  1.  0.  0.  0.  1.  0.  1.  0.  0.  1.  0.  0.  0.  0.
   0.  0.]
 [ 0.  0.  1.  0.  0.  0.  0.  1.  1.  1.  1.  1.  0.  1.  0.  0.  0.  0.
   1.  0.]
 [ 0.  1.  0.  0.  0.  0.  0.  0.  1.  1.  1.  1.  0.  0.  0.  0.  1.  0.
   0.  1.]
 [ 0.  0.  0.  1.  0.  0.  1.  0.  0.  0.  0.  1.  0.  1.  1.  1.  0.  0.
   1.  1.]
 [ 0.  0.  0.  0.  0.  0.  0.  0.  0.  1.  0.  1.  1.  1.  0.  0.  1.  0.
   0.  0.]
 [ 0.  0.  0.  0.  0.  0.  0.  0.  1.  0.  0.  0.  1.  1.  1.  1.  0.  0.
   0.  0.]
 [ 0.  0.  0.  1.  1.  0.  0.  0.  0.  1.  0.  1.  1.  1.  0.  0.  0.  0.
   1.  0.]
 [ 1.  0.  0.  0.  0.  1.  1.  0.  1.  0.  0.  1.  1.  1.  1.  1.  0.  0.
   0.  0.]
 [ 0.  0.  0.  0.  0.  0.  0.  0.  0.  0.  1.  1.  0.  1.  0.  0.  1.  1.
   1.  0.]
 [ 0.  0.  0.  1.  0.  0.  0.  0.  0.  1.  1.  0.  1.  0.  0.  0.  0.  0.
   0.  1.]
 [ 0.  0.  0.  0.  0.  1.  0.  0.  0.  0.  0.  0.  0.  1.  0.  1.  0.  0.
   0.  0.]
 [ 0.  0.  0.  0.  0.  0.  0.  0.  0.  0.  0.  0.  0.  1.  0.  0.  0.  0.
   0.  1.]
 [ 0.  0.  0.  0.  0.  0.  0.  0.  0.  0.  0.  0.  0.  0.  1.  1.  0.  0.
   0.  1.]],
clusters by rows: [1 2 2 3 3 3 4 4 4 4 5 5 5 5 5 6 7 7 7 7], by columns: [1 2 2 2 2 2 2 3 4 4 4 5 5 5 5 5 6 6 6 7],
permutations by rows: [17  1 16  4 19 14  0 15  2 12  7 13  8 10  6 11  9  5 18  3], by columns: [ 0  1  7 14  4  6 19  2 15 12 10 17 18 13  8  5 16 11  3  9],
obj_val=0.4016393442622951
2017-11-08 17:11:57,130 [main.py:44] [INFO] [test_instances/20x20.txt] Finished processing file.
2017-11-08 17:31:57,562 [main.py:40] [DEBUG] [test_instances/24x40.txt] Get final solution:
<Solution>
Matrix:
[[ 1.  1.  0.  0.  1.  0.  1.  0.  0.  1.  0.  0.  0.  0.  0.  0.  0.  0.
   0.  0.  0.  0.  0.  1.  0.  0.  0.  0.  0.  0.  0.  0.  0.  0.  0.  0.
   0.  0.  0.  0.]
 [ 1.  0.  1.  0.  0.  0.  0.  1.  0.  0.  0.  0.  0.  0.  0.  0.  0.  0.
   0.  0.  0.  0.  0.  0.  0.  0.  0.  0.  0.  0.  1.  0.  0.  1.  0.  0.
   0.  0.  0.  1.]
 [ 1.  1.  1.  0.  0.  0.  0.  0.  0.  0.  0.  0.  1.  0.  0.  0.  0.  0.
   0.  0.  0.  0.  0.  0.  0.  0.  0.  0.  0.  0.  0.  0.  0.  0.  0.  0.
   1.  0.  0.  0.]
 [ 0.  0.  1.  1.  1.  1.  0.  0.  0.  1.  0.  0.  0.  0.  0.  0.  0.  0.
   0.  0.  0.  0.  0.  0.  0.  0.  0.  0.  0.  0.  0.  0.  0.  0.  0.  0.
   0.  0.  0.  0.]
 [ 1.  0.  0.  1.  0.  1.  0.  0.  0.  0.  0.  0.  0.  0.  0.  0.  0.  0.
   0.  0.  0.  0.  0.  0.  0.  0.  0.  1.  0.  1.  0.  0.  0.  0.  0.  0.
   0.  0.  0.  0.]
 [ 0.  0.  0.  0.  0.  0.  1.  0.  0.  0.  0.  0.  0.  0.  0.  0.  0.  0.
   0.  0.  0.  0.  1.  0.  0.  0.  1.  0.  0.  1.  0.  0.  0.  0.  1.  0.
   0.  0.  0.  0.]
 [ 0.  0.  0.  0.  0.  0.  0.  1.  0.  0.  0.  0.  0.  1.  0.  1.  0.  0.
   0.  0.  0.  0.  0.  0.  0.  0.  0.  0.  0.  0.  0.  1.  0.  1.  0.  0.
   0.  0.  0.  0.]
 [ 0.  0.  0.  0.  0.  0.  0.  1.  0.  0.  0.  1.  0.  0.  0.  1.  0.  0.
   0.  0.  0.  0.  0.  0.  0.  0.  0.  1.  0.  0.  0.  0.  0.  0.  0.  0.
   0.  0.  0.  0.]
 [ 0.  0.  0.  0.  0.  0.  0.  1.  0.  0.  0.  0.  0.  0.  1.  0.  0.  0.
   0.  0.  1.  0.  1.  0.  0.  0.  0.  0.  0.  0.  1.  0.  1.  0.  0.  0.
   0.  0.  0.  0.]
 [ 0.  0.  0.  0.  0.  0.  0.  0.  1.  0.  0.  0.  0.  0.  1.  0.  0.  0.
   0.  0.  0.  0.  0.  0.  0.  0.  1.  0.  0.  0.  0.  0.  0.  0.  0.  0.
   1.  0.  1.  0.]
 [ 1.  0.  0.  0.  0.  0.  1.  0.  1.  0.  0.  0.  0.  0.  0.  0.  0.  0.
   0.  0.  0.  0.  0.  0.  1.  0.  0.  0.  0.  0.  0.  0.  1.  0.  0.  0.
   0.  0.  0.  0.]
 [ 0.  0.  1.  0.  1.  0.  0.  0.  1.  0.  0.  0.  0.  0.  0.  0.  0.  0.
   0.  0.  0.  1.  0.  0.  0.  0.  1.  0.  0.  0.  0.  0.  0.  0.  0.  0.
   0.  0.  0.  0.]
 [ 0.  0.  0.  0.  0.  0.  0.  0.  1.  1.  0.  0.  0.  0.  0.  0.  0.  0.
   0.  0.  0.  0.  0.  0.  1.  1.  0.  0.  0.  0.  0.  0.  0.  1.  0.  0.
   0.  0.  0.  0.]
 [ 0.  0.  0.  0.  0.  0.  0.  0.  0.  1.  0.  0.  0.  0.  0.  0.  1.  1.
   0.  0.  0.  0.  0.  0.  0.  0.  0.  0.  1.  1.  0.  0.  0.  0.  1.  0.
   0.  0.  0.  0.]
 [ 0.  0.  0.  0.  0.  0.  0.  0.  0.  0.  1.  1.  0.  0.  0.  0.  0.  0.
   1.  0.  0.  0.  0.  0.  0.  0.  0.  0.  0.  0.  0.  1.  0.  0.  0.  0.
   0.  0.  0.  1.]
 [ 0.  0.  0.  0.  0.  0.  0.  0.  0.  0.  1.  1.  1.  1.  0.  0.  0.  0.
   0.  0.  0.  0.  0.  0.  0.  1.  0.  0.  0.  0.  0.  0.  0.  0.  0.  0.
   0.  0.  0.  0.]
 [ 0.  0.  0.  0.  0.  0.  0.  0.  0.  0.  0.  0.  1.  0.  0.  0.  0.  0.
   0.  1.  0.  1.  0.  0.  0.  0.  0.  0.  0.  0.  0.  0.  0.  0.  0.  0.
   0.  1.  0.  0.]
 [ 1.  0.  0.  1.  0.  0.  0.  0.  0.  0.  1.  0.  0.  1.  1.  1.  0.  0.
   0.  0.  0.  0.  0.  0.  0.  0.  0.  0.  0.  0.  0.  0.  0.  0.  0.  0.
   0.  0.  1.  0.]
 [ 0.  0.  0.  0.  1.  0.  0.  0.  0.  0.  0.  0.  0.  0.  0.  0.  1.  0.
   1.  1.  0.  0.  1.  0.  0.  0.  0.  0.  0.  0.  0.  0.  0.  0.  0.  0.
   0.  0.  0.  0.]
 [ 0.  0.  0.  0.  0.  0.  0.  0.  0.  0.  0.  0.  1.  0.  0.  0.  0.  1.
   1.  1.  0.  0.  1.  1.  0.  0.  0.  1.  0.  0.  0.  0.  1.  0.  0.  0.
   0.  0.  0.  0.]
 [ 0.  0.  0.  0.  0.  0.  0.  0.  0.  0.  1.  0.  0.  0.  0.  0.  1.  1.
   0.  1.  0.  0.  0.  1.  0.  0.  0.  0.  1.  0.  0.  0.  0.  0.  0.  0.
   0.  0.  0.  0.]
 [ 0.  0.  0.  0.  0.  0.  0.  0.  0.  0.  0.  0.  0.  0.  0.  0.  0.  0.
   0.  0.  1.  1.  1.  1.  0.  1.  0.  0.  1.  0.  0.  0.  0.  0.  0.  0.
   0.  0.  0.  0.]
 [ 0.  0.  0.  0.  0.  0.  0.  0.  0.  0.  0.  0.  0.  0.  0.  0.  0.  0.
   0.  0.  0.  0.  0.  0.  1.  1.  1.  0.  1.  0.  1.  0.  0.  1.  0.  0.
   0.  0.  0.  0.]
 [ 0.  0.  0.  0.  0.  0.  0.  0.  0.  0.  0.  0.  0.  0.  0.  0.  0.  0.
   0.  0.  0.  0.  0.  0.  0.  0.  0.  0.  0.  0.  0.  0.  0.  0.  1.  1.
   1.  1.  1.  0.]],
clusters by rows: [ 1  1  1  2  2  3  4  4  4  5  5  5  5  6  7  7  8  9 10 10 10 11 12 13], by columns: [ 1  1  1  2  2  2  3  4  5  6  7  7  8  9  9  9 10 10 10 10 11 11 11 11 12
 12 12 12 12 12 12 12 12 12 13 13 13 13 13 13],
permutations by rows: [ 4 22 12 10  2  9  6 23 15  0  8 20  1 11  3 13 21 19  5  7 17 14 18 16], by columns: [11 34  2 14  9 22  5 31 32 21 10  7 15 24 18  1 17  3 37 29 36  0 25  4 39
 13  8 33 26 23 35 27 38 12 19 28 16  6 30 20],
obj_val=0.375886524822695
2017-11-08 17:31:57,563 [main.py:44] [INFO] [test_instances/24x40.txt] Finished processing file.
2017-11-08 18:03:29,406 [main.py:40] [DEBUG] [test_instances/30x50.txt] Get final solution:
<Solution>
Matrix:
[[ 1.  1.  0. ...,  0.  0.  0.]
 [ 1.  0.  1. ...,  0.  0.  0.]
 [ 1.  1.  1. ...,  0.  0.  0.]
 ..., 
 [ 0.  0.  0. ...,  0.  0.  0.]
 [ 0.  0.  0. ...,  1.  1.  1.]
 [ 0.  0.  0. ...,  1.  1.  1.]],
clusters by rows: [ 1  1  1  1  1  1  2  2  3  3  3  3  4  4  4  5  6  6  6  7  7  8  9 10 11
 12 12 13 14 14], by columns: [ 1  1  1  2  3  3  3  3  3  4  4  5  6  6  6  6  7  7  7  7  8  8  8  8  8
  8  8  8  8  9  9  9 10 10 10 10 10 10 10 10 10 11 12 12 12 13 13 14 14 14],
permutations by rows: [25 21 26 23 22  3  2 29 17 20 16 19  0  4 12 28 11  1 13 27 14  9 15 18  6
 10  8  5 24  7], by columns: [12 33 14 15  4 26  6  5 11  8 10 24 19 43 18 47 13 17  9 39 38 36 22 23 45
  1 48 37  2 34 30 31 41 42 49 20 27 46 29 25  0 28  7 35 40 16 21 32  3 44],
obj_val=0.42857142857142855
2017-11-08 18:03:29,406 [main.py:44] [INFO] [test_instances/30x50.txt] Finished processing file.
2017-11-08 21:07:57,488 [main.py:40] [DEBUG] [test_instances/37x53.txt] Get final solution:
<Solution>
Matrix:
[[ 0.  1.  1. ...,  0.  0.  0.]
 [ 1.  1.  0. ...,  0.  0.  0.]
 [ 1.  1.  1. ...,  1.  1.  1.]
 ..., 
 [ 0.  0.  0. ...,  0.  0.  0.]
 [ 0.  0.  0. ...,  0.  0.  0.]
 [ 0.  0.  0. ...,  1.  0.  1.]],
clusters by rows: [1 1 1 1 1 1 1 1 1 1 1 1 1 1 1 2 2 2 2 2 2 2 2 2 2 2 2 2 3 3 4 4 4 4 4 4 4], by columns: [1 1 1 1 1 1 1 1 1 1 1 1 1 1 1 1 1 1 1 1 1 1 1 1 1 1 1 1 1 1 1 1 1 1 1 1 2
 2 2 2 2 2 2 2 2 2 2 2 2 2 2 3 4],
permutations by rows: [34 12 25 18 16 20 17 32 30  7 10 19 22 13 14  2  0  6 29 23 31  8 27  9 24
  3 26 21 15  5 28  1 33 35  4 36 11], by columns: [24  1  2  3  4 23  6 18 40  9 10 11 12 43 14 41 16  8 50 19 20 21 22 15 13
 48  5  7  0 52 17 44 42 46 47 49 33 37 25 27 29 32 34 31 36 26 35 30 28 38
 45 51 39],
obj_val=0.6024208566108007
2017-11-08 21:07:57,490 [main.py:44] [INFO] [test_instances/37x53.txt] Finished processing file.
2017-11-08 21:54:58,836 [main.py:40] [DEBUG] [test_instances/30x90.txt] Get final solution:
<Solution>
Matrix:
[[ 1.  1.  1. ...,  0.  0.  0.]
 [ 0.  0.  0. ...,  0.  0.  0.]
 [ 0.  0.  0. ...,  0.  1.  0.]
 ..., 
 [ 0.  0.  0. ...,  0.  0.  1.]
 [ 0.  0.  0. ...,  0.  1.  0.]
 [ 0.  0.  0. ...,  1.  1.  0.]],
clusters by rows: [ 1  2  3  4  5  6  6  6  7  8  8  9 10 11 12 13 13 13 14 14 14 14 15 15 15
 15 15 16 16 16], by columns: [ 1  1  1  1  2  3  4  5  5  5  5  5  5  5  6  7  7  7  7  8  8  8  8  8  8
  9  9  9  9 10 10 10 10 10 11 11 11 11 11 11 12 13 14 14 14 14 14 14 15 15
 15 15 15 15 15 15 15 15 15 15 15 15 15 15 15 15 16 16 16 16 16 16 16 16 16
 16 16 16 16 16 16 16 16 16 16 16 16 16 16 16],
permutations by rows: [ 3 11  6  7 28  4 22 17 21 14 24 19  0 12  5  8  1  9 29 15  2 13 23 16 18
 20 10 27 25 26], by columns: [47 22 37 51 85 38 74 46 52 31 65 56 54 13 25 73 29 19 32 27 18 80 82 84  9
 77  1 16 41 33 15 44 49 23  2 79 43  6  5 81 34 17 69 70 66 88 64 58 62 89
  7 75 14 87 67 55 86 21 39 20 63 72 50 61 76 78 12 40  8 30 24 36 68 26 59
 71 28  3 42 10 45 53 57 83 11  4 48 60 35  0],
obj_val=0.45161290322580644
2017-11-08 21:54:58,837 [main.py:44] [INFO] [test_instances/30x90.txt] Finished processing file.
