2017-11-09 17:09:39,130 [main.py:19] [INFO] [test_instances/30x90.txt] Start processing file...
2017-11-09 17:09:39,130 [main.py:19] [INFO] [test_instances/20x20.txt] Start processing file...
2017-11-09 17:09:39,130 [main.py:19] [INFO] [test_instances/30x50.txt] Start processing file...
2017-11-09 17:09:39,130 [main.py:19] [INFO] [test_instances/24x40.txt] Start processing file...
2017-11-09 17:09:39,130 [main.py:19] [INFO] [test_instances/37x53.txt] Start processing file...
2017-11-09 17:09:39,135 [main.py:37] [DEBUG] [test_instances/30x50.txt] Build random solution:
<Solution>
Matrix:
[[ 0.  0.  0. ...,  0.  0.  0.]
 [ 0.  0.  0. ...,  0.  0.  0.]
 [ 1.  0.  0. ...,  0.  1.  0.]
 ..., 
 [ 0.  0.  0. ...,  0.  0.  0.]
 [ 0.  0.  0. ...,  0.  0.  0.]
 [ 0.  0.  0. ...,  0.  0.  0.]],
clusters by rows: [1 1 1 1 1 1 1 1 1 1 1 1 1 1 1 2 2 2 2 2 2 2 2 2 2 2 2 2 2 2], by columns: [1 1 1 1 1 1 1 1 1 1 1 1 1 1 1 1 1 1 1 1 1 1 1 2 2 2 2 2 2 2 2 2 2 2 2 2 2
 2 2 2 2 2 2 2 2 2 2 2 2 2],
permutations by rows: [ 0  1  2  3  4  5  6  7  8  9 10 11 12 13 14 15 16 17 18 19 20 21 22 23 24
 25 26 27 28 29], by columns: [ 0  1  2  3  4  5  6  7  8  9 10 11 12 13 14 15 16 17 18 19 20 21 22 23 24
 25 26 27 28 29 30 31 32 33 34 35 36 37 38 39 40 41 42 43 44 45 46 47 48 49],
obj_val=0.10481927710843374
2017-11-09 17:09:39,135 [main.py:37] [DEBUG] [test_instances/37x53.txt] Build random solution:
<Solution>
Matrix:
[[ 0.  0.  0. ...,  0.  0.  0.]
 [ 0.  0.  0. ...,  0.  0.  0.]
 [ 0.  1.  0. ...,  0.  0.  1.]
 ..., 
 [ 0.  1.  1. ...,  0.  0.  0.]
 [ 1.  1.  0. ...,  0.  0.  0.]
 [ 0.  0.  0. ...,  0.  0.  0.]],
clusters by rows: [1 1 1 1 1 1 1 1 1 1 1 1 1 1 1 1 1 1 2 2 2 2 2 2 2 2 2 2 2 2 2 2 2 2 2 2 2], by columns: [1 1 1 1 1 1 1 1 1 1 1 1 1 1 1 1 1 1 1 1 1 1 1 1 1 1 2 2 2 2 2 2 2 2 2 2 2
 2 2 2 2 2 2 2 2 2 2 2 2 2 2 2 2],
permutations by rows: [ 0  1  2  3  4  5  6  7  8  9 10 11 12 13 14 15 16 17 18 19 20 21 22 23 24
 25 26 27 28 29 30 31 32 33 34 35 36], by columns: [ 0  1  2  3  4  5  6  7  8  9 10 11 12 13 14 15 16 17 18 19 20 21 22 23 24
 25 26 27 28 29 30 31 32 33 34 35 36 37 38 39 40 41 42 43 44 45 46 47 48 49
 50 51 52],
obj_val=0.33560709413369716
2017-11-09 17:09:39,136 [main.py:37] [DEBUG] [test_instances/30x90.txt] Build random solution:
<Solution>
Matrix:
[[ 0.  0.  0. ...,  0.  0.  0.]
 [ 0.  0.  0. ...,  0.  0.  1.]
 [ 0.  0.  0. ...,  0.  1.  0.]
 ..., 
 [ 1.  0.  0. ...,  0.  0.  0.]
 [ 0.  0.  0. ...,  0.  0.  0.]
 [ 0.  0.  0. ...,  0.  0.  0.]],
clusters by rows: [1 1 1 1 1 1 1 1 1 1 1 1 1 1 1 2 2 2 2 2 2 2 2 2 2 2 2 2 2 2], by columns: [1 1 1 1 1 1 1 1 1 1 1 1 1 1 1 1 1 1 1 1 1 1 1 1 1 1 1 1 1 1 1 1 1 1 1 1 1
 1 1 1 1 1 1 1 1 1 1 2 2 2 2 2 2 2 2 2 2 2 2 2 2 2 2 2 2 2 2 2 2 2 2 2 2 2
 2 2 2 2 2 2 2 2 2 2 2 2 2 2 2 2],
permutations by rows: [ 0  1  2  3  4  5  6  7  8  9 10 11 12 13 14 15 16 17 18 19 20 21 22 23 24
 25 26 27 28 29], by columns: [ 0  1  2  3  4  5  6  7  8  9 10 11 12 13 14 15 16 17 18 19 20 21 22 23 24
 25 26 27 28 29 30 31 32 33 34 35 36 37 38 39 40 41 42 43 44 45 46 47 48 49
 50 51 52 53 54 55 56 57 58 59 60 61 62 63 64 65 66 67 68 69 70 71 72 73 74
 75 76 77 78 79 80 81 82 83 84 85 86 87 88 89],
obj_val=0.09913506320691949
2017-11-09 17:09:39,143 [main.py:37] [DEBUG] [test_instances/20x20.txt] Build random solution:
<Solution>
Matrix:
[[ 1.  0.  0.  0.  0.  1.  0.  0.  1.  0.  1.  0.  1.  0.  0.  1.  0.  0.
   0.  0.]
 [ 0.  1.  1.  0.  1.  0.  1.  1.  0.  1.  0.  0.  1.  0.  1.  0.  1.  0.
   0.  1.]
 [ 0.  0.  1.  1.  0.  0.  0.  1.  0.  0.  1.  0.  1.  1.  0.  1.  0.  1.
   0.  0.]
 [ 0.  0.  0.  0.  0.  1.  0.  0.  1.  1.  0.  0.  0.  0.  0.  0.  0.  0.
   0.  0.]
 [ 0.  0.  1.  0.  0.  0.  0.  0.  0.  0.  0.  0.  1.  0.  1.  0.  0.  0.
   0.  0.]
 [ 0.  0.  0.  0.  0.  1.  1.  0.  0.  0.  0.  0.  0.  1.  0.  0.  0.  0.
   0.  0.]
 [ 1.  0.  0.  0.  0.  1.  1.  0.  1.  0.  0.  0.  0.  1.  0.  1.  0.  1.
   1.  1.]
 [ 0.  0.  0.  1.  0.  1.  0.  0.  1.  1.  0.  0.  0.  1.  1.  0.  0.  1.
   0.  1.]
 [ 0.  0.  0.  0.  0.  1.  0.  0.  1.  0.  0.  0.  0.  1.  0.  1.  0.  0.
   1.  0.]
 [ 0.  0.  0.  0.  0.  0.  0.  0.  0.  1.  1.  0.  1.  0.  1.  0.  0.  0.
   1.  0.]
 [ 0.  0.  0.  1.  1.  0.  0.  0.  0.  0.  0.  0.  1.  1.  1.  0.  0.  1.
   1.  0.]
 [ 0.  0.  0.  1.  0.  0.  0.  0.  0.  0.  1.  1.  0.  1.  0.  0.  1.  1.
   0.  0.]
 [ 0.  1.  0.  0.  0.  0.  0.  0.  0.  1.  1.  0.  1.  0.  0.  1.  1.  1.
   0.  0.]
 [ 0.  0.  0.  0.  0.  0.  0.  0.  0.  0.  0.  0.  1.  1.  0.  0.  1.  1.
   1.  0.]
 [ 0.  0.  1.  0.  1.  0.  0.  1.  1.  0.  0.  0.  0.  0.  0.  1.  0.  0.
   0.  0.]
 [ 0.  0.  0.  0.  1.  0.  0.  0.  0.  0.  1.  0.  0.  1.  0.  1.  0.  0.
   0.  0.]
 [ 0.  0.  0.  1.  1.  0.  1.  0.  0.  0.  0.  0.  0.  1.  1.  1.  0.  0.
   0.  0.]
 [ 1.  0.  0.  0.  0.  0.  1.  1.  0.  0.  0.  0.  0.  0.  0.  1.  0.  0.
   0.  0.]
 [ 0.  0.  0.  0.  0.  0.  0.  0.  0.  1.  0.  0.  0.  1.  0.  0.  0.  0.
   0.  0.]
 [ 1.  0.  1.  1.  0.  0.  0.  1.  0.  0.  0.  0.  0.  0.  0.  0.  0.  0.
   1.  0.]],
clusters by rows: [1 1 1 1 1 1 1 1 1 1 2 2 2 2 2 2 2 2 2 2], by columns: [1 1 1 1 1 1 1 1 1 1 2 2 2 2 2 2 2 2 2 2],
permutations by rows: [ 0  1  2  3  4  5  6  7  8  9 10 11 12 13 14 15 16 17 18 19], by columns: [ 0  1  2  3  4  5  6  7  8  9 10 11 12 13 14 15 16 17 18 19],
obj_val=0.23412698412698413
2017-11-09 17:09:39,154 [main.py:37] [DEBUG] [test_instances/24x40.txt] Build random solution:
<Solution>
Matrix:
[[ 0.  0.  0.  0.  0.  0.  0.  0.  1.  0.  0.  0.  0.  0.  0.  0.  1.  0.
   1.  0.  0.  0.  0.  0.  0.  0.  0.  0.  0.  0.  1.  0.  1.  0.  0.  0.
   0.  0.  0.  0.]
 [ 0.  0.  0.  0.  0.  0.  0.  0.  0.  0.  0.  0.  1.  1.  0.  0.  0.  0.
   0.  0.  0.  1.  0.  0.  0.  0.  0.  0.  0.  0.  0.  0.  1.  0.  0.  0.
   0.  0.  0.  1.]
 [ 0.  0.  0.  0.  0.  0.  0.  0.  0.  0.  0.  1.  0.  0.  1.  0.  0.  0.
   0.  0.  0.  0.  1.  1.  0.  0.  0.  0.  0.  0.  0.  0.  0.  1.  0.  0.
   0.  0.  0.  0.]
 [ 0.  0.  0.  0.  0.  0.  0.  1.  0.  0.  1.  0.  0.  0.  0.  0.  0.  0.
   0.  0.  1.  0.  0.  0.  0.  0.  0.  1.  0.  0.  0.  0.  0.  0.  0.  0.
   0.  1.  0.  0.]
 [ 0.  0.  0.  0.  1.  1.  0.  0.  0.  1.  0.  1.  0.  0.  0.  0.  0.  0.
   0.  0.  0.  1.  0.  0.  0.  0.  0.  0.  0.  0.  0.  0.  0.  0.  1.  0.
   0.  0.  0.  0.]
 [ 0.  0.  0.  0.  0.  0.  0.  0.  0.  1.  0.  0.  0.  0.  0.  0.  0.  1.
   0.  0.  0.  0.  0.  0.  0.  1.  0.  0.  0.  1.  0.  0.  0.  0.  0.  0.
   0.  1.  0.  0.]
 [ 0.  1.  0.  0.  0.  0.  0.  0.  0.  0.  0.  0.  1.  0.  0.  0.  0.  0.
   0.  0.  0.  0.  0.  0.  1.  0.  0.  1.  0.  0.  0.  1.  0.  0.  0.  0.
   0.  0.  0.  0.]
 [ 0.  0.  0.  1.  1.  0.  0.  0.  0.  0.  0.  0.  0.  0.  0.  1.  0.  0.
   0.  0.  0.  0.  0.  0.  0.  1.  0.  0.  0.  1.  0.  0.  0.  1.  0.  0.
   0.  1.  1.  0.]
 [ 0.  0.  0.  0.  0.  1.  0.  0.  0.  0.  0.  1.  0.  0.  0.  0.  0.  0.
   0.  0.  0.  0.  0.  0.  0.  0.  0.  0.  0.  0.  0.  0.  1.  0.  0.  0.
   0.  0.  1.  1.]
 [ 0.  0.  0.  0.  0.  1.  0.  0.  1.  0.  0.  0.  0.  0.  0.  0.  0.  0.
   0.  1.  0.  0.  0.  1.  0.  1.  0.  0.  0.  0.  0.  0.  0.  0.  0.  0.
   0.  0.  0.  0.]
 [ 0.  0.  1.  0.  0.  0.  0.  0.  0.  1.  0.  0.  0.  0.  1.  0.  0.  0.
   0.  0.  0.  1.  1.  0.  0.  0.  0.  0.  0.  0.  0.  0.  0.  0.  0.  0.
   0.  0.  0.  0.]
 [ 0.  0.  0.  1.  0.  0.  0.  0.  0.  0.  0.  0.  0.  0.  0.  0.  0.  1.
   0.  1.  0.  1.  0.  1.  0.  0.  1.  0.  0.  0.  0.  0.  0.  0.  0.  0.
   0.  0.  0.  0.]
 [ 0.  0.  1.  0.  0.  0.  0.  0.  0.  0.  0.  1.  0.  0.  0.  1.  1.  0.
   0.  0.  0.  0.  0.  0.  0.  0.  0.  0.  0.  0.  0.  0.  0.  0.  1.  0.
   0.  0.  0.  0.]
 [ 0.  0.  0.  0.  0.  0.  0.  1.  0.  0.  1.  0.  0.  1.  0.  1.  0.  0.
   0.  0.  0.  0.  0.  0.  1.  0.  0.  0.  0.  0.  0.  0.  0.  0.  0.  0.
   0.  0.  0.  0.]
 [ 1.  0.  0.  0.  1.  0.  0.  0.  0.  0.  0.  0.  0.  1.  0.  0.  0.  0.
   0.  0.  0.  0.  0.  0.  0.  1.  1.  0.  0.  0.  0.  0.  0.  0.  0.  0.
   1.  0.  0.  0.]
 [ 0.  0.  0.  0.  0.  0.  0.  0.  0.  0.  0.  0.  0.  0.  0.  0.  0.  0.
   1.  0.  0.  0.  0.  0.  0.  1.  0.  0.  0.  0.  0.  1.  0.  0.  0.  1.
   1.  0.  1.  0.]
 [ 0.  0.  0.  0.  0.  0.  1.  0.  0.  0.  0.  0.  0.  0.  0.  0.  1.  0.
   0.  1.  0.  0.  0.  0.  0.  0.  0.  0.  1.  0.  1.  0.  0.  0.  0.  0.
   0.  0.  0.  0.]
 [ 0.  0.  0.  1.  1.  0.  0.  0.  0.  0.  1.  0.  0.  0.  0.  0.  0.  1.
   0.  0.  0.  0.  0.  0.  0.  0.  1.  0.  0.  1.  0.  0.  0.  0.  0.  0.
   0.  0.  0.  0.]
 [ 0.  0.  0.  0.  0.  0.  0.  0.  1.  0.  0.  0.  1.  1.  0.  0.  0.  0.
   0.  0.  0.  0.  0.  0.  0.  0.  1.  0.  0.  0.  0.  0.  0.  0.  0.  1.
   0.  0.  0.  1.]
 [ 0.  1.  0.  0.  0.  0.  0.  0.  0.  0.  1.  1.  0.  0.  1.  0.  0.  0.
   1.  0.  0.  0.  0.  0.  1.  0.  0.  0.  0.  0.  1.  0.  0.  0.  0.  0.
   0.  0.  0.  0.]
 [ 1.  0.  1.  0.  0.  0.  0.  0.  1.  1.  0.  0.  0.  0.  0.  0.  0.  0.
   0.  0.  0.  0.  0.  0.  0.  0.  0.  0.  0.  0.  0.  0.  1.  0.  0.  0.
   0.  0.  0.  0.]
 [ 1.  0.  0.  0.  0.  0.  1.  0.  0.  0.  0.  0.  0.  0.  0.  1.  0.  0.
   0.  0.  0.  0.  0.  0.  0.  0.  0.  0.  0.  1.  0.  0.  0.  0.  0.  0.
   0.  0.  0.  0.]
 [ 0.  0.  1.  0.  0.  0.  0.  0.  0.  0.  0.  1.  1.  0.  0.  0.  0.  0.
   0.  0.  1.  0.  0.  0.  0.  0.  0.  0.  0.  0.  0.  1.  0.  0.  0.  1.
   0.  0.  0.  0.]
 [ 0.  1.  0.  0.  0.  0.  0.  1.  0.  0.  0.  0.  0.  0.  0.  0.  0.  0.
   0.  0.  0.  0.  0.  0.  0.  0.  0.  0.  0.  0.  0.  1.  0.  1.  0.  0.
   0.  0.  0.  0.]],
clusters by rows: [1 1 1 1 1 1 1 1 1 1 1 1 1 2 2 2 2 2 2 2 2 2 2 2], by columns: [1 1 1 1 1 1 1 1 1 1 1 1 1 1 1 2 2 2 2 2 2 2 2 2 2 2 2 2 2 2 2 2 2 2 2 2 2
 2 2 2],
permutations by rows: [ 0  1  2  3  4  5  6  7  8  9 10 11 12 13 14 15 16 17 18 19 20 21 22 23], by columns: [ 0  1  2  3  4  5  6  7  8  9 10 11 12 13 14 15 16 17 18 19 20 21 22 23 24
 25 26 27 28 29 30 31 32 33 34 35 36 37 38 39],
obj_val=0.1070110701107011
2017-11-09 17:09:39,765 [main.py:40] [DEBUG] [test_instances/20x20.txt] Improved solution by RVNS:
<Solution>
Matrix:
[[ 1.  0.  0.  0.  0.  0.  1.  1.  0.  0.  0.  0.  0.  0.  0.  1.  0.  0.
   0.  0.]
 [ 0.  1.  0.  0.  1.  0.  1.  1.  0.  1.  0.  1.  1.  0.  1.  0.  1.  0.
   1.  0.]
 [ 0.  0.  0.  1.  0.  0.  0.  1.  0.  0.  1.  0.  1.  1.  0.  1.  1.  1.
   0.  0.]
 [ 0.  0.  0.  0.  0.  1.  0.  0.  1.  1.  0.  0.  0.  0.  0.  0.  0.  0.
   0.  0.]
 [ 1.  0.  0.  0.  0.  1.  0.  0.  1.  0.  1.  0.  1.  0.  0.  1.  0.  0.
   0.  0.]
 [ 0.  0.  0.  0.  1.  0.  0.  1.  1.  0.  0.  0.  0.  0.  0.  1.  1.  0.
   0.  0.]
 [ 1.  1.  1.  0.  0.  1.  1.  0.  1.  0.  0.  0.  0.  1.  0.  1.  0.  1.
   0.  0.]
 [ 0.  0.  0.  0.  0.  0.  0.  0.  0.  0.  0.  0.  1.  0.  1.  0.  1.  0.
   0.  0.]
 [ 0.  0.  1.  0.  0.  1.  0.  0.  1.  0.  0.  0.  0.  1.  0.  1.  0.  0.
   0.  0.]
 [ 0.  0.  1.  0.  0.  0.  0.  0.  0.  1.  1.  0.  1.  0.  1.  0.  0.  0.
   0.  0.]
 [ 0.  0.  1.  1.  1.  0.  0.  0.  0.  0.  0.  0.  1.  1.  1.  0.  0.  1.
   0.  0.]
 [ 0.  0.  0.  1.  0.  0.  0.  0.  0.  0.  1.  1.  0.  1.  0.  0.  0.  1.
   0.  1.]
 [ 0.  0.  0.  0.  0.  0.  0.  0.  0.  1.  1.  1.  1.  0.  0.  1.  0.  1.
   1.  0.]
 [ 0.  0.  1.  0.  0.  0.  0.  0.  0.  0.  0.  1.  1.  1.  0.  0.  0.  1.
   0.  0.]
 [ 0.  0.  0.  0.  0.  1.  1.  0.  0.  0.  0.  0.  0.  1.  0.  0.  0.  0.
   0.  0.]
 [ 0.  0.  0.  0.  1.  0.  0.  0.  0.  0.  1.  0.  0.  1.  0.  1.  0.  0.
   0.  0.]
 [ 0.  0.  0.  1.  1.  0.  1.  0.  0.  0.  0.  0.  0.  1.  1.  1.  0.  0.
   0.  0.]
 [ 0.  1.  0.  1.  0.  1.  0.  0.  1.  1.  0.  0.  0.  1.  1.  0.  0.  1.
   0.  0.]
 [ 1.  0.  1.  1.  0.  0.  0.  1.  0.  0.  0.  0.  0.  0.  0.  0.  1.  0.
   0.  0.]
 [ 0.  0.  0.  0.  0.  0.  0.  0.  0.  1.  0.  0.  0.  1.  0.  0.  0.  0.
   0.  0.]],
clusters by rows: [1 2 2 2 2 2 2 2 2 2 2 2 2 2 2 2 2 2 2 3], by columns: [1 1 2 2 2 2 2 2 2 2 2 2 2 2 2 2 2 2 3 3],
permutations by rows: [17  1  2  3  0 14  6  4  8  9 10 11 12 13  5 15 16  7 19 18], by columns: [ 0 19 18  3  4  5  6  7  8  9 10 16 12 13 14 15  2 17  1 11],
obj_val=0.31699346405228757
2017-11-09 17:09:40,382 [main.py:40] [DEBUG] [test_instances/24x40.txt] Improved solution by RVNS:
<Solution>
Matrix:
[[ 0.  0.  0.  0.  0.  0.  0.  1.  1.  0.  0.  0.  0.  0.  0.  0.  1.  0.
   1.  0.  0.  0.  0.  0.  1.  0.  0.  0.  0.  0.  0.  0.  0.  0.  0.  0.
   0.  0.  0.  0.]
 [ 0.  0.  0.  0.  0.  0.  0.  0.  0.  0.  0.  0.  1.  1.  0.  0.  0.  0.
   0.  0.  0.  1.  1.  0.  1.  0.  0.  0.  0.  0.  0.  0.  0.  0.  0.  0.
   0.  0.  0.  0.]
 [ 0.  0.  0.  0.  0.  0.  0.  0.  0.  0.  0.  1.  0.  0.  1.  0.  0.  0.
   0.  0.  0.  0.  0.  1.  0.  0.  0.  0.  0.  0.  0.  0.  0.  1.  0.  0.
   0.  0.  0.  1.]
 [ 0.  0.  0.  0.  0.  0.  0.  0.  0.  0.  1.  0.  0.  0.  0.  0.  0.  0.
   0.  0.  1.  0.  0.  0.  0.  0.  0.  1.  0.  0.  1.  0.  0.  0.  0.  0.
   0.  1.  0.  0.]
 [ 0.  0.  0.  0.  1.  1.  1.  0.  0.  1.  0.  1.  0.  0.  0.  0.  0.  0.
   0.  0.  0.  1.  0.  0.  0.  0.  0.  0.  0.  0.  0.  0.  0.  0.  0.  0.
   0.  0.  0.  0.]
 [ 0.  0.  0.  0.  0.  0.  0.  0.  0.  1.  0.  0.  0.  0.  0.  0.  0.  1.
   0.  0.  0.  0.  0.  0.  0.  1.  0.  0.  0.  0.  0.  0.  0.  0.  0.  1.
   0.  1.  0.  0.]
 [ 1.  0.  0.  0.  0.  0.  0.  0.  0.  0.  0.  0.  1.  0.  0.  1.  0.  0.
   0.  0.  0.  0.  0.  0.  0.  0.  0.  1.  0.  0.  0.  0.  0.  0.  1.  0.
   0.  0.  0.  0.]
 [ 1.  1.  1.  0.  0.  0.  0.  0.  0.  0.  0.  1.  1.  0.  0.  0.  0.  0.
   0.  0.  1.  0.  0.  0.  0.  0.  0.  0.  0.  0.  0.  0.  0.  0.  0.  0.
   0.  0.  0.  0.]
 [ 0.  0.  0.  0.  0.  1.  0.  0.  0.  0.  0.  1.  0.  0.  0.  0.  0.  0.
   0.  0.  0.  0.  1.  0.  1.  0.  0.  0.  0.  0.  0.  0.  0.  0.  0.  0.
   0.  0.  1.  0.]
 [ 0.  0.  0.  0.  0.  1.  0.  0.  1.  0.  0.  0.  0.  0.  0.  0.  0.  0.
   0.  1.  0.  0.  0.  1.  0.  1.  0.  0.  0.  0.  0.  0.  0.  0.  0.  0.
   0.  0.  0.  0.]
 [ 0.  0.  1.  0.  0.  0.  0.  0.  0.  1.  0.  0.  0.  0.  1.  0.  0.  0.
   0.  0.  0.  1.  0.  0.  0.  0.  0.  0.  0.  0.  0.  0.  0.  0.  0.  0.
   0.  0.  0.  1.]
 [ 0.  0.  0.  0.  0.  0.  0.  0.  0.  0.  0.  0.  0.  0.  0.  0.  0.  1.
   0.  1.  0.  1.  0.  1.  0.  0.  1.  0.  0.  0.  0.  0.  0.  0.  0.  0.
   1.  0.  0.  0.]
 [ 0.  0.  1.  0.  0.  0.  1.  0.  0.  0.  0.  1.  0.  0.  0.  0.  1.  0.
   0.  0.  0.  0.  0.  0.  0.  0.  0.  0.  0.  0.  0.  0.  1.  0.  0.  0.
   0.  0.  0.  0.]
 [ 0.  0.  0.  0.  0.  0.  0.  0.  0.  0.  1.  0.  0.  1.  0.  1.  0.  0.
   0.  0.  0.  0.  0.  0.  0.  0.  0.  0.  0.  0.  1.  0.  1.  0.  0.  0.
   0.  0.  0.  0.]
 [ 0.  0.  0.  1.  1.  0.  0.  0.  0.  0.  0.  0.  0.  1.  0.  0.  0.  0.
   0.  0.  0.  0.  0.  0.  0.  1.  1.  0.  0.  0.  0.  1.  0.  0.  0.  0.
   0.  0.  0.  0.]
 [ 1.  1.  0.  1.  0.  0.  0.  0.  0.  0.  0.  0.  0.  0.  0.  0.  0.  0.
   1.  0.  0.  0.  0.  0.  0.  1.  0.  0.  0.  0.  0.  0.  0.  0.  0.  0.
   0.  0.  1.  0.]
 [ 0.  0.  0.  0.  0.  0.  0.  1.  0.  0.  0.  0.  0.  0.  0.  0.  1.  0.
   0.  1.  0.  0.  0.  0.  0.  0.  0.  0.  1.  1.  0.  0.  0.  0.  0.  0.
   0.  0.  0.  0.]
 [ 0.  0.  0.  0.  1.  0.  0.  0.  0.  0.  1.  0.  0.  0.  0.  0.  0.  1.
   0.  0.  0.  0.  0.  0.  0.  0.  1.  0.  0.  0.  0.  0.  0.  0.  0.  1.
   1.  0.  0.  0.]
 [ 0.  1.  0.  0.  0.  0.  0.  0.  1.  0.  0.  0.  1.  1.  0.  0.  0.  0.
   0.  0.  0.  0.  1.  0.  0.  0.  1.  0.  0.  0.  0.  0.  0.  0.  0.  0.
   0.  0.  0.  0.]
 [ 0.  0.  0.  0.  0.  0.  0.  1.  0.  0.  1.  1.  0.  0.  1.  1.  0.  0.
   1.  0.  0.  0.  0.  0.  0.  0.  0.  0.  0.  0.  0.  0.  0.  0.  1.  0.
   0.  0.  0.  0.]
 [ 0.  0.  1.  0.  0.  0.  0.  0.  1.  1.  0.  0.  0.  0.  0.  0.  0.  0.
   0.  0.  0.  0.  0.  0.  1.  0.  0.  0.  0.  0.  0.  1.  0.  0.  0.  0.
   0.  0.  0.  0.]
 [ 0.  0.  0.  0.  0.  0.  0.  0.  0.  0.  0.  0.  0.  0.  0.  0.  0.  0.
   0.  0.  0.  0.  0.  0.  0.  0.  0.  0.  0.  1.  0.  1.  1.  0.  0.  1.
   0.  0.  0.  0.]
 [ 0.  0.  0.  0.  1.  0.  0.  0.  0.  0.  0.  0.  0.  0.  0.  0.  0.  0.
   0.  0.  0.  0.  0.  0.  0.  1.  0.  0.  0.  0.  0.  0.  1.  1.  0.  1.
   1.  1.  1.  0.]
 [ 1.  0.  0.  0.  0.  0.  0.  0.  0.  0.  0.  0.  0.  0.  0.  0.  0.  0.
   0.  0.  0.  0.  0.  0.  0.  0.  0.  0.  0.  0.  1.  0.  0.  1.  1.  0.
   0.  0.  0.  0.]],
clusters by rows: [1 1 1 1 1 1 1 1 1 1 1 1 1 1 1 1 1 1 1 1 1 2 2 2], by columns: [1 1 1 1 1 1 1 1 1 1 1 1 1 1 1 1 1 1 1 1 1 1 1 1 1 1 1 2 2 2 2 2 2 2 2 2 2
 2 2 2],
permutations by rows: [ 0  1  2  3  4  5  6 22  8  9 10 11 12 13 14 15 16 17 18 19 20 21  7 23], by columns: [31 35  2 36  4  5 34 30  8  9 10 11 12 13 14 24 16 17 18 19 20 21 39 23 32
 25 26 27 28  6  7  0 15 33  1 29  3 37 38 22],
obj_val=0.16455696202531644
2017-11-09 17:09:40,754 [main.py:40] [DEBUG] [test_instances/30x50.txt] Improved solution by RVNS:
<Solution>
Matrix:
[[ 0.  0.  0. ...,  0.  0.  0.]
 [ 1.  0.  0. ...,  0.  0.  0.]
 [ 1.  0.  0. ...,  0.  1.  0.]
 ..., 
 [ 0.  0.  0. ...,  0.  0.  0.]
 [ 0.  0.  0. ...,  0.  0.  0.]
 [ 0.  0.  0. ...,  0.  0.  1.]],
clusters by rows: [1 1 1 2 2 2 3 4 4 4 4 4 4 4 4 4 4 4 4 4 4 4 4 4 4 4 5 5 6 7], by columns: [1 2 2 3 4 4 4 4 4 4 4 4 4 4 4 4 4 4 4 4 4 4 4 4 4 4 4 4 4 4 4 4 4 4 4 4 4
 4 4 4 4 4 4 4 5 6 7 7 7 7],
permutations by rows: [21 29  2 12  4  5 23  7  3  9 10 11 17 13 14 15 16  8 18 19 20  0 22  6 24
 25 28 26 27  1], by columns: [15  1 10 14  4  5  6  7  8  9 45 11 44 13  3  0 46 17 18 19 20 49 22 23 24
 25 26 27 28 29 30 31 32 33 34 35 36 21 38 39 40 41 42 43 12  2 16 47 48 37],
obj_val=0.14841849148418493
2017-11-09 17:09:41,186 [main.py:40] [DEBUG] [test_instances/30x90.txt] Improved solution by RVNS:
<Solution>
Matrix:
[[ 0.  0.  0. ...,  0.  0.  0.]
 [ 0.  0.  0. ...,  0.  0.  1.]
 [ 0.  0.  0. ...,  0.  0.  0.]
 ..., 
 [ 1.  0.  0. ...,  0.  0.  0.]
 [ 0.  0.  0. ...,  0.  0.  0.]
 [ 0.  0.  0. ...,  0.  1.  0.]],
clusters by rows: [1 1 2 3 4 5 6 6 7 8 9 9 9 9 9 9 9 9 9 9 9 9 9 9 9 9 9 9 9 9], by columns: [1 2 3 3 3 3 3 3 3 3 4 4 4 4 4 4 4 4 4 4 4 4 4 4 4 4 4 4 4 4 4 5 5 5 5 5 6
 6 6 6 6 6 6 7 7 7 7 8 9 9 9 9 9 9 9 9 9 9 9 9 9 9 9 9 9 9 9 9 9 9 9 9 9 9
 9 9 9 9 9 9 9 9 9 9 9 9 9 9 9 9],
permutations by rows: [17  1 22 12  0  5  6  7  4  9 10 11  3 13 14 15 16  8 18 19 20 21  2 23 24
 25 26 27 28 29], by columns: [ 0  1  2  3  4  5  6 81 46  9 59 11 57 13 49 15 16 17 18 19 79 36 22 23 24
 25 52 56 28 29 33 31 32 30 34 45 74 35 38 47 40 41 27 43 44 37 65 72 48  7
 50 51 26 14 20 55 42 54 58 67 60 61 62 63 64  8 66 10 39 69 88 71 68 73 53
 75 76 77 78 12 80 70 82 83 84 85 86 87 21 89],
obj_val=0.2137791286727457
2017-11-09 17:09:41,256 [main.py:40] [DEBUG] [test_instances/37x53.txt] Improved solution by RVNS:
<Solution>
Matrix:
[[ 0.  0.  0. ...,  0.  0.  0.]
 [ 0.  1.  0. ...,  0.  0.  0.]
 [ 0.  1.  0. ...,  0.  0.  0.]
 ..., 
 [ 0.  0.  0. ...,  0.  0.  0.]
 [ 1.  1.  0. ...,  0.  0.  0.]
 [ 0.  0.  0. ...,  0.  0.  0.]],
clusters by rows: [1 1 1 1 1 1 1 1 1 1 1 1 1 1 1 1 1 1 1 1 1 1 1 1 1 1 1 1 1 1 1 1 1 1 2 2 3], by columns: [1 1 1 1 1 1 1 1 1 1 1 1 1 1 1 1 1 1 1 1 1 1 1 1 1 1 1 1 1 1 1 1 1 1 1 1 1
 1 1 1 1 1 1 1 1 1 1 1 1 1 1 2 3],
permutations by rows: [ 0 28  2  3  4  5  6  7  8  9 10 33 12 13 14 15 16 17 18 19 20 21 22 23 24
 25 26 27 34 29 30 31 32 36  1 35 11], by columns: [ 0  1  2  3  4  5  6  7  8 52 10 11 12 13 14 15 16 17 18 19 20 21 22 23 24
 25 26 27 28 29 30 31 32 33 34 35 36 37 38 39 40 41 42 43 44 45  9 47 48 49
 50 51 46],
obj_val=0.5272931907709623
2017-11-09 17:23:51,624 [main.py:43] [DEBUG] [test_instances/20x20.txt] Get final solution:
<Solution>
Matrix:
[[ 1.  0.  0.  0.  0.  0.  0.  0.  0.  0.  0.  0.  0.  1.  0.  0.  0.  0.
   0.  1.]
 [ 0.  0.  0.  0.  0.  0.  1.  0.  0.  0.  1.  1.  0.  0.  0.  0.  0.  0.
   0.  0.]
 [ 0.  0.  1.  0.  0.  0.  0.  0.  0.  0.  0.  0.  0.  1.  0.  0.  0.  0.
   0.  0.]
 [ 0.  0.  0.  0.  0.  0.  1.  1.  1.  1.  0.  0.  0.  0.  0.  0.  0.  0.
   1.  0.]
 [ 1.  0.  1.  1.  1.  1.  1.  1.  0.  0.  1.  1.  0.  0.  1.  0.  0.  0.
   0.  0.]
 [ 0.  0.  0.  1.  0.  0.  1.  1.  0.  0.  0.  0.  0.  0.  0.  0.  1.  1.
   0.  0.]
 [ 0.  0.  0.  1.  0.  0.  0.  0.  1.  1.  1.  1.  0.  1.  0.  1.  0.  0.
   0.  0.]
 [ 0.  0.  1.  0.  1.  0.  0.  0.  0.  1.  0.  1.  0.  1.  0.  1.  0.  1.
   0.  1.]
 [ 0.  0.  0.  0.  0.  0.  0.  0.  1.  0.  1.  0.  0.  1.  1.  1.  0.  0.
   0.  0.]
 [ 1.  0.  0.  1.  0.  0.  0.  0.  0.  1.  0.  1.  0.  1.  0.  0.  1.  0.
   0.  0.]
 [ 0.  0.  0.  0.  0.  0.  1.  1.  0.  1.  1.  0.  1.  1.  0.  1.  1.  0.
   0.  0.]
 [ 0.  0.  1.  0.  0.  0.  0.  0.  1.  0.  1.  1.  1.  0.  0.  0.  0.  0.
   0.  0.]
 [ 0.  0.  1.  0.  0.  1.  0.  0.  0.  0.  1.  0.  1.  0.  1.  1.  1.  0.
   0.  0.]
 [ 0.  1.  0.  0.  0.  0.  0.  0.  0.  1.  0.  0.  1.  1.  1.  1.  0.  0.
   0.  0.]
 [ 0.  0.  0.  1.  0.  0.  0.  0.  0.  0.  0.  0.  1.  1.  0.  0.  1.  0.
   0.  0.]
 [ 0.  0.  0.  0.  0.  0.  0.  0.  0.  0.  1.  0.  1.  0.  0.  0.  1.  1.
   1.  1.]
 [ 0.  0.  0.  0.  0.  0.  0.  0.  1.  0.  0.  0.  0.  1.  0.  0.  1.  1.
   0.  1.]
 [ 1.  0.  0.  0.  0.  0.  0.  1.  0.  0.  0.  0.  0.  0.  0.  0.  1.  0.
   1.  0.]
 [ 1.  0.  0.  0.  1.  0.  0.  0.  1.  0.  0.  0.  0.  1.  0.  1.  1.  1.
   1.  1.]
 [ 0.  0.  1.  0.  0.  0.  0.  0.  0.  0.  0.  0.  0.  0.  0.  0.  0.  1.
   0.  1.]],
clusters by rows: [1 2 3 4 4 4 5 5 5 5 5 5 5 5 6 6 6 6 6 6], by columns: [1 2 3 4 4 4 4 4 5 5 5 5 5 5 5 5 6 6 6 6],
permutations by rows: [ 5  4 18 19  1 14 10  7 13 16  2  9 12 11 15  0  8 17  6  3], by columns: [ 6 11  9  4 19  1  2  7 18  3 12 14 10 13 16 17 15  8  0  5],
obj_val=0.41830065359477125
2017-11-09 17:23:51,625 [main.py:47] [INFO] [test_instances/20x20.txt] Finished processing file.
2017-11-09 17:59:56,390 [main.py:43] [DEBUG] [test_instances/24x40.txt] Get final solution:
<Solution>
Matrix:
[[ 1.  1.  1.  0.  0.  0.  0.  0.  1.  0.  0.  0.  0.  1.  0.  0.  0.  0.
   0.  1.  0.  0.  0.  0.  0.  0.  0.  0.  0.  0.  0.  0.  0.  0.  0.  0.
   0.  0.  0.  0.]
 [ 1.  1.  0.  1.  1.  0.  0.  0.  0.  0.  0.  0.  0.  0.  0.  0.  0.  0.
   0.  0.  0.  0.  0.  0.  0.  0.  0.  0.  0.  0.  0.  0.  0.  0.  1.  0.
   0.  0.  1.  0.]
 [ 0.  0.  0.  0.  0.  1.  1.  1.  1.  0.  1.  1.  0.  0.  0.  0.  0.  0.
   0.  0.  0.  0.  0.  0.  0.  0.  0.  0.  0.  0.  0.  0.  0.  0.  0.  0.
   0.  0.  0.  0.]
 [ 0.  0.  0.  0.  0.  0.  0.  1.  0.  0.  0.  1.  1.  1.  1.  0.  0.  0.
   0.  0.  0.  0.  0.  0.  0.  0.  0.  0.  0.  0.  0.  0.  0.  0.  0.  0.
   0.  0.  0.  0.]
 [ 0.  0.  0.  0.  0.  0.  0.  0.  0.  0.  0.  1.  0.  1.  0.  0.  0.  0.
   0.  0.  1.  0.  0.  0.  0.  1.  0.  0.  0.  0.  0.  1.  0.  0.  0.  0.
   0.  0.  0.  0.]
 [ 0.  0.  0.  0.  0.  0.  0.  0.  1.  0.  0.  0.  1.  0.  1.  0.  0.  0.
   0.  0.  0.  0.  0.  0.  1.  0.  0.  0.  0.  0.  0.  0.  0.  1.  0.  0.
   0.  0.  0.  0.]
 [ 0.  0.  0.  0.  1.  0.  0.  0.  1.  0.  0.  0.  1.  0.  0.  1.  0.  0.
   0.  0.  0.  0.  0.  0.  0.  0.  1.  0.  1.  1.  0.  0.  0.  0.  0.  0.
   0.  0.  0.  0.]
 [ 0.  0.  0.  0.  0.  0.  0.  0.  0.  1.  0.  0.  0.  0.  0.  1.  1.  0.
   0.  0.  0.  0.  0.  1.  0.  0.  0.  0.  0.  0.  0.  0.  1.  0.  0.  0.
   0.  0.  0.  0.]
 [ 0.  0.  0.  0.  0.  0.  1.  0.  1.  0.  0.  0.  0.  1.  0.  0.  1.  0.
   0.  0.  0.  0.  0.  0.  0.  0.  0.  0.  0.  0.  0.  0.  0.  0.  0.  0.
   0.  0.  0.  1.]
 [ 0.  0.  0.  0.  1.  0.  0.  0.  0.  0.  0.  0.  0.  0.  0.  1.  1.  0.
   0.  0.  1.  0.  0.  0.  0.  1.  0.  0.  0.  0.  0.  0.  0.  0.  0.  0.
   0.  0.  0.  0.]
 [ 0.  1.  0.  0.  0.  0.  0.  0.  0.  0.  0.  0.  0.  0.  0.  0.  0.  1.
   1.  1.  0.  0.  1.  0.  0.  1.  0.  0.  0.  0.  0.  0.  0.  0.  0.  0.
   0.  0.  0.  0.]
 [ 0.  0.  0.  0.  0.  0.  0.  0.  1.  0.  1.  0.  0.  0.  0.  0.  0.  1.
   0.  0.  1.  0.  0.  0.  0.  0.  0.  0.  0.  0.  0.  0.  0.  0.  0.  0.
   0.  0.  1.  0.]
 [ 0.  0.  0.  0.  0.  0.  0.  1.  0.  0.  0.  0.  0.  0.  0.  0.  0.  1.
   1.  1.  1.  0.  0.  0.  0.  0.  0.  0.  0.  0.  0.  0.  0.  0.  0.  0.
   0.  0.  0.  0.]
 [ 0.  0.  0.  0.  0.  1.  0.  0.  0.  0.  0.  0.  0.  0.  0.  0.  0.  0.
   0.  0.  0.  1.  1.  0.  0.  0.  0.  0.  0.  1.  0.  0.  0.  0.  0.  1.
   1.  0.  0.  0.]
 [ 1.  0.  0.  0.  0.  0.  0.  0.  0.  0.  0.  0.  0.  0.  0.  0.  0.  0.
   0.  0.  0.  0.  0.  0.  0.  0.  1.  0.  0.  0.  1.  0.  0.  1.  0.  0.
   0.  0.  0.  0.]
 [ 0.  0.  0.  0.  0.  0.  0.  0.  0.  0.  0.  1.  0.  0.  0.  0.  0.  0.
   0.  0.  0.  1.  0.  0.  0.  0.  0.  0.  0.  0.  0.  0.  0.  0.  1.  1.
   0.  1.  0.  0.]
 [ 0.  0.  0.  1.  0.  1.  0.  0.  0.  0.  0.  0.  0.  0.  0.  0.  0.  0.
   1.  0.  0.  0.  1.  0.  0.  0.  0.  0.  0.  0.  0.  1.  0.  0.  1.  0.
   0.  0.  0.  0.]
 [ 0.  0.  0.  0.  0.  0.  0.  1.  0.  0.  0.  0.  0.  0.  0.  0.  0.  0.
   0.  0.  0.  1.  1.  1.  1.  0.  0.  0.  0.  0.  0.  0.  0.  0.  0.  0.
   1.  0.  0.  0.]
 [ 0.  0.  0.  0.  0.  0.  0.  0.  0.  0.  1.  0.  0.  0.  0.  0.  0.  0.
   0.  0.  0.  0.  0.  1.  1.  1.  0.  0.  0.  0.  0.  0.  0.  0.  1.  0.
   0.  0.  0.  0.]
 [ 1.  0.  0.  0.  0.  0.  0.  0.  0.  0.  0.  0.  0.  0.  0.  0.  0.  0.
   0.  1.  0.  0.  0.  0.  0.  0.  1.  1.  1.  0.  0.  0.  0.  0.  0.  0.
   0.  0.  0.  0.]
 [ 0.  0.  0.  0.  0.  0.  0.  0.  0.  0.  0.  0.  0.  0.  0.  0.  0.  0.
   1.  0.  0.  0.  0.  0.  0.  0.  0.  0.  1.  1.  1.  0.  0.  0.  0.  0.
   0.  0.  0.  1.]
 [ 0.  0.  1.  0.  0.  0.  0.  0.  0.  0.  0.  0.  0.  0.  0.  0.  0.  0.
   0.  0.  0.  0.  0.  0.  0.  0.  0.  1.  0.  1.  1.  0.  0.  0.  0.  0.
   0.  1.  0.  0.]
 [ 0.  0.  0.  0.  0.  0.  0.  0.  0.  0.  0.  0.  0.  0.  0.  0.  0.  0.
   0.  0.  0.  0.  0.  0.  0.  0.  0.  0.  0.  0.  0.  1.  1.  0.  0.  1.
   0.  0.  0.  1.]
 [ 0.  0.  0.  0.  0.  1.  0.  0.  0.  0.  0.  0.  0.  0.  0.  0.  0.  0.
   0.  0.  0.  0.  0.  0.  0.  0.  0.  0.  0.  0.  0.  0.  0.  1.  1.  1.
   1.  1.  1.  1.]],
clusters by rows: [ 1  1  2  3  3  3  4  4  4  4  5  5  5  6  6  6  6  6  7  8  9  9 10 11], by columns: [ 1  1  1  1  1  2  2  2  2  2  2  3  3  3  3  4  4  5  5  5  5  6  6  7  7
  7  8  8  8  9  9 10 10 11 11 11 11 11 11 11],
permutations by rows: [22 15  4 10 20  2 19 16 12  0 18  8  1 17 23  5 14 11  9  6 13  3 21  7], by columns: [31 35 20 36 18  4 34 21 11 28  5  9 14  2 22 30 16 39 13 12 32 17 26 19 23
  8  1 27 24 10  7  0  6 33 25 29  3 37 38 15],
obj_val=0.40816326530612246
2017-11-09 17:59:56,391 [main.py:47] [INFO] [test_instances/24x40.txt] Finished processing file.
2017-11-09 19:01:32,106 [main.py:43] [DEBUG] [test_instances/30x50.txt] Get final solution:
<Solution>
Matrix:
[[ 1.  0.  0. ...,  0.  0.  0.]
 [ 1.  0.  0. ...,  1.  1.  0.]
 [ 0.  1.  1. ...,  0.  0.  0.]
 ..., 
 [ 0.  0.  0. ...,  0.  0.  0.]
 [ 0.  0.  0. ...,  0.  0.  0.]
 [ 0.  0.  0. ...,  1.  1.  1.]],
clusters by rows: [ 1  1  2  2  2  3  4  4  5  6  7  7  8  9  9  9 10 10 10 10 10 11 11 12 12
 12 13 13 13 14], by columns: [ 1  2  2  3  3  4  4  4  4  5  5  5  5  5  5  5  6  6  6  6  6  6  6  7  7
  7  7  7  8  8  8  9  9  9  9  9  9 10 10 10 10 10 11 12 13 13 14 14 14 14],
permutations by rows: [28 11 12  5  4 20 17 19  7  9 16 18 14  8  0 10 15 29 22  2 25  3 13 27 24
  6 21 23 26  1], by columns: [24  1 10  6 13  5  4 25 26 41 47  0 44 28  3 32 22 46 48  2 36 23 45 42 29
 49 43 27 11 17  9 21  8 40  7 35 20 30 33 38 34 15 31 39 12 14 16 19 18 37],
obj_val=0.42857142857142855
2017-11-09 19:01:32,107 [main.py:47] [INFO] [test_instances/30x50.txt] Finished processing file.
2017-11-10 00:28:51,006 [main.py:43] [DEBUG] [test_instances/37x53.txt] Get final solution:
<Solution>
Matrix:
[[ 1.  0.  0. ...,  0.  0.  0.]
 [ 0.  0.  0. ...,  0.  0.  0.]
 [ 0.  0.  0. ...,  0.  0.  0.]
 ..., 
 [ 0.  0.  0. ...,  0.  0.  0.]
 [ 0.  0.  0. ...,  0.  0.  0.]
 [ 0.  0.  0. ...,  0.  0.  0.]],
clusters by rows: [1 1 1 1 2 2 2 2 2 2 2 2 2 2 2 2 2 2 2 3 3 3 3 3 3 3 3 3 3 3 3 3 3 4 4 4 4], by columns: [1 2 2 2 2 2 2 2 2 2 2 2 2 2 2 2 2 2 2 2 2 2 2 2 2 2 2 2 2 2 2 2 2 2 2 2 2
 3 3 3 3 3 3 3 3 3 3 3 3 3 3 3 4],
permutations by rows: [11 33 36  1 34 12 25 18 17 20 10 19  7 13 14 16 30 32 22 15  2  0  8  3  6
 24 26 27 31 21 29  9 23 35 28  5  4], by columns: [39 24 50  3 52 42  4 47 46  5 10 40 12 13 14 15 16  2 18 19 20 43 22  1 44
  6 21  0  7 17 41  9 11  8 23 48 45 30 29 38 35 27 26 31 33 32 34 37 36 49
 28 25 51],
obj_val=0.6020313942751616
2017-11-10 00:28:51,007 [main.py:47] [INFO] [test_instances/37x53.txt] Finished processing file.
2017-11-10 01:57:04,984 [main.py:43] [DEBUG] [test_instances/30x90.txt] Get final solution:
<Solution>
Matrix:
[[ 1.  0.  0. ...,  0.  0.  0.]
 [ 0.  0.  0. ...,  0.  0.  0.]
 [ 0.  1.  0. ...,  0.  0.  0.]
 ..., 
 [ 0.  0.  0. ...,  0.  0.  0.]
 [ 0.  0.  0. ...,  1.  0.  1.]
 [ 0.  0.  0. ...,  1.  1.  1.]],
clusters by rows: [ 1  1  2  3  4  5  5  6  7  8  9 10 11 11 11 11 11 12 13 14 15 15 15 16 16
 17 18 19 19 20], by columns: [ 1  2  3  3  3  3  3  3  3  3  4  4  4  4  4  4  4  4  5  5  5  5  5  5  5
  5  5  5  5  5  5  5  5  5  5  5  5  5  5  6  6  6  6  7  7  7  7  8  9 10
 10 10 11 11 11 11 11 11 11 11 11 11 11 11 11 11 11 11 11 11 11 12 13 14 15
 16 16 16 17 18 18 19 19 19 19 20 20 20 20 20],
permutations by rows: [17  1  5  3  2 26 25 24 28  9  4  8 16 20 18 10 23  6  7 12 15 14 11 13 19
 22  0 29 27 21], by columns: [25 34  3 82 22 47 28 51 37 42 46 36 57 58 65 23 66 43 48 24 11 12  4 77 83
 53 45 10 30 71  5  2  6 41 59  1 40 35 49 60  9 18 27 13 52 56 31 17 80 68
  0 81 78 63 62 55 76 87 72 67 20 61 50 14 89 64 21  7 39 75 88 38 74 79 85
 16 54 86 26 33 15 70 69 44  8 19 84 73 29 32],
obj_val=0.4421965317919075
2017-11-10 01:57:04,985 [main.py:47] [INFO] [test_instances/30x90.txt] Finished processing file.
